# Nelson+ (2020) http://arxiv.org/abs/xxxx.xxxxx
# Figure 10: stacked radial profiles of cloud property [p_b_linear = Gas Magnetic Pressure [ log K cm$^{-3}$ ]]
# TNG50-1 (z = 0.5) haloID = 8 (nClouds stacked = 924, 764, 303, 133)
radius [pkpc], quantity [r_cloud=0.5] p50, p16, p84, quantity [r_cloud=1.0] p50, p16, p84, quantity [r_cloud=1.5] p50, p16, p84, quantity [r_cloud=2.0] p50, p16, p84

0.05 2.545 1.875 3.169 2.939 2.393 3.583 3.545 2.544 4.511 3.052 2.668 3.425
0.15 2.889 2.005 3.789 2.947 2.325 3.622 3.212 2.486 4.020 3.044 2.476 3.679
0.25 2.975 2.022 3.991 2.918 2.247 3.609 3.015 2.422 3.734 3.035 2.380 3.786
0.36 2.878 1.961 3.893 2.861 2.163 3.558 2.917 2.353 3.599 3.025 2.349 3.786
0.46 2.675 1.852 3.617 2.785 2.076 3.483 2.881 2.282 3.564 3.008 2.354 3.719
0.56 2.475 1.747 3.328 2.703 1.997 3.404 2.871 2.211 3.576 2.986 2.366 3.629
0.66 2.344 1.650 3.142 2.621 1.910 3.321 2.788 2.141 3.519 2.929 2.301 3.579
0.76 2.260 1.586 2.997 2.540 1.825 3.263 2.759 2.087 3.486 2.892 2.243 3.568
0.87 2.238 1.547 2.975 2.462 1.762 3.193 2.703 2.056 3.437 2.839 2.177 3.539
0.97 2.233 1.519 2.972 2.406 1.706 3.139 2.642 2.016 3.384 2.812 2.128 3.522
1.07 2.241 1.497 2.978 2.365 1.656 3.100 2.587 1.956 3.324 2.808 2.087 3.501
1.17 2.232 1.480 2.958 2.318 1.595 3.036 2.539 1.896 3.258 2.803 2.060 3.478
1.27 2.232 1.486 2.970 2.281 1.530 2.996 2.499 1.837 3.202 2.787 2.052 3.449
1.38 2.231 1.482 2.986 2.257 1.487 2.972 2.457 1.776 3.147 2.765 2.043 3.427
1.48 2.225 1.456 2.996 2.219 1.449 2.931 2.419 1.734 3.079 2.734 2.003 3.378
1.58 2.227 1.443 3.037 2.180 1.400 2.896 2.396 1.682 3.063 2.690 1.960 3.351
1.68 2.232 1.439 3.078 2.140 1.376 2.870 2.373 1.651 3.047 2.645 1.892 3.350
1.78 2.241 1.429 3.099 2.122 1.354 2.870 2.345 1.612 3.031 2.619 1.859 3.339
1.89 2.252 1.436 3.118 2.115 1.346 2.862 2.330 1.578 3.024 2.607 1.815 3.309
1.99 2.257 1.449 3.122 2.110 1.337 2.851 2.316 1.570 3.034 2.590 1.770 3.285
2.09 2.268 1.455 3.137 2.104 1.318 2.847 2.288 1.538 3.013 2.559 1.745 3.263
2.19 2.267 1.454 3.139 2.107 1.313 2.856 2.271 1.529 3.011 2.545 1.732 3.257
2.29 2.281 1.451 3.150 2.094 1.310 2.850 2.241 1.517 2.964 2.515 1.705 3.221
2.40 2.297 1.457 3.194 2.086 1.290 2.831 2.226 1.492 2.956 2.485 1.689 3.207
2.50 2.313 1.466 3.239 2.076 1.282 2.841 2.199 1.458 2.927 2.457 1.657 3.195
2.60 2.323 1.471 3.276 2.075 1.278 2.857 2.175 1.415 2.889 2.437 1.655 3.176
2.70 2.337 1.482 3.323 2.087 1.283 2.870 2.164 1.402 2.864 2.421 1.631 3.137
2.81 2.353 1.492 3.364 2.099 1.294 2.899 2.153 1.399 2.839 2.409 1.606 3.126
2.91 2.370 1.497 3.396 2.112 1.305 2.931 2.141 1.383 2.823 2.403 1.576 3.126
3.01 2.381 1.502 3.428 2.120 1.298 2.964 2.137 1.382 2.828 2.405 1.541 3.127
3.11 2.391 1.501 3.435 2.123 1.303 2.989 2.124 1.370 2.819 2.373 1.506 3.101
3.21 2.407 1.511 3.448 2.138 1.304 3.006 2.127 1.332 2.824 2.348 1.506 3.092
3.32 2.414 1.517 3.453 2.151 1.299 3.041 2.113 1.297 2.837 2.325 1.480 3.062
3.42 2.418 1.518 3.455 2.159 1.305 3.067 2.103 1.268 2.844 2.291 1.469 3.038
3.52 2.420 1.513 3.449 2.179 1.298 3.105 2.093 1.256 2.854 2.282 1.474 3.014
3.62 2.427 1.518 3.457 2.194 1.310 3.144 2.094 1.251 2.854 2.273 1.462 3.015
3.72 2.428 1.519 3.464 2.196 1.298 3.161 2.101 1.268 2.867 2.282 1.437 3.050
3.83 2.436 1.523 3.483 2.202 1.289 3.189 2.096 1.275 2.862 2.282 1.414 3.062
3.93 2.438 1.518 3.482 2.206 1.293 3.214 2.101 1.286 2.869 2.271 1.405 3.071
4.03 2.449 1.523 3.495 2.220 1.310 3.255 2.109 1.288 2.867 2.257 1.397 3.073
4.13 2.461 1.533 3.499 2.230 1.309 3.287 2.124 1.290 2.885 2.254 1.374 3.057
4.23 2.473 1.534 3.513 2.247 1.321 3.317 2.132 1.300 2.901 2.236 1.354 3.043
4.34 2.484 1.541 3.516 2.261 1.318 3.337 2.132 1.303 2.918 2.248 1.367 3.045
4.44 2.493 1.542 3.525 2.275 1.331 3.348 2.130 1.293 2.914 2.262 1.374 3.077
4.54 2.495 1.538 3.533 2.275 1.330 3.333 2.132 1.291 2.911 2.271 1.368 3.119
4.64 2.498 1.532 3.541 2.283 1.345 3.330 2.121 1.277 2.900 2.275 1.375 3.149
4.74 2.503 1.529 3.546 2.291 1.358 3.334 2.118 1.270 2.897 2.272 1.384 3.169
4.85 2.508 1.532 3.547 2.301 1.365 3.348 2.131 1.274 2.911 2.264 1.394 3.175
4.95 2.516 1.544 3.544 2.312 1.361 3.378 2.169 1.297 2.952 2.248 1.405 3.162
