# Nelson+ (2020) http://arxiv.org/abs/xxxx.xxxxx
# Figure 10: stacked radial profiles of cloud property [temp_sfcold_linear = Gas Temperature [ log K ]]
# TNG50-1 (z = 0.5) haloID = 8 (nClouds stacked = 924, 764, 303, 133)
radius [pkpc], quantity [r_cloud=0.5] p50, p16, p84, quantity [r_cloud=1.0] p50, p16, p84, quantity [r_cloud=1.5] p50, p16, p84, quantity [r_cloud=2.0] p50, p16, p84

0.05 4.151 4.021 4.182 4.000 3.991 4.107 3.997 3.554 4.047 3.998 3.766 4.023
0.15 4.136 3.989 4.452 4.022 3.995 4.076 3.995 3.834 4.072 4.000 3.362 4.037
0.25 4.209 3.989 4.749 4.043 3.996 4.102 3.999 3.984 4.094 4.000 3.279 4.052
0.36 4.339 4.011 5.051 4.066 3.996 4.181 4.005 4.039 4.114 3.999 3.416 4.070
0.46 4.494 4.046 5.333 4.093 3.997 4.307 4.016 4.030 4.136 3.998 3.672 4.088
0.56 4.625 4.084 5.575 4.125 4.007 4.474 4.028 3.990 4.140 4.000 3.938 4.104
0.66 4.729 4.113 5.721 4.157 4.019 4.687 4.046 3.996 4.187 4.008 4.023 4.128
0.76 4.781 4.130 5.777 4.193 4.035 4.932 4.064 3.996 4.274 4.018 3.974 4.151
0.87 4.785 4.133 5.820 4.258 4.056 5.170 4.085 3.998 4.388 4.027 4.018 4.162
0.97 4.776 4.119 5.864 4.360 4.079 5.376 4.104 3.997 4.531 4.038 3.995 4.193
1.07 4.774 4.115 5.898 4.464 4.097 5.520 4.126 3.999 4.713 4.050 3.995 4.274
1.17 4.772 4.106 5.924 4.577 4.111 5.659 4.152 4.001 4.892 4.058 3.994 4.375
1.27 4.754 4.097 5.924 4.674 4.121 5.760 4.186 4.008 5.064 4.069 3.995 4.500
1.38 4.751 4.094 5.942 4.773 4.140 5.825 4.209 4.011 5.154 4.080 3.996 4.609
1.48 4.753 4.093 5.950 4.844 4.154 5.879 4.249 4.019 5.276 4.092 3.997 4.717
1.58 4.765 4.091 5.969 4.890 4.163 5.921 4.279 4.025 5.364 4.103 3.998 4.773
1.68 4.780 4.093 5.992 4.945 4.171 5.960 4.307 4.028 5.435 4.112 3.998 4.858
1.78 4.775 4.092 5.994 5.000 4.175 5.995 4.351 4.032 5.512 4.123 3.999 4.933
1.89 4.773 4.093 5.998 5.032 4.176 6.021 4.416 4.040 5.627 4.132 3.998 5.038
1.99 4.787 4.093 6.020 5.082 4.176 6.072 4.487 4.049 5.715 4.148 4.000 5.175
2.09 4.787 4.089 6.032 5.114 4.178 6.109 4.570 4.062 5.827 4.175 4.001 5.308
2.19 4.784 4.082 6.038 5.162 4.189 6.154 4.638 4.073 5.887 4.193 4.006 5.389
2.29 4.779 4.078 6.053 5.175 4.191 6.194 4.704 4.082 5.967 4.211 4.010 5.484
2.40 4.771 4.071 6.072 5.199 4.194 6.222 4.764 4.092 6.020 4.246 4.016 5.541
2.50 4.754 4.064 6.071 5.205 4.194 6.246 4.802 4.098 6.055 4.268 4.020 5.636
2.60 4.729 4.056 6.053 5.215 4.190 6.263 4.860 4.108 6.088 4.290 4.023 5.689
2.70 4.696 4.049 6.052 5.217 4.184 6.277 4.926 4.115 6.130 4.330 4.026 5.745
2.81 4.683 4.047 6.066 5.236 4.178 6.286 4.966 4.120 6.157 4.384 4.033 5.829
2.91 4.654 4.041 6.061 5.257 4.172 6.291 5.015 4.127 6.202 4.460 4.037 5.899
3.01 4.635 4.035 6.058 5.269 4.167 6.297 5.081 4.143 6.231 4.544 4.047 5.936
3.11 4.620 4.033 6.066 5.263 4.156 6.302 5.130 4.151 6.257 4.631 4.051 6.003
3.21 4.600 4.026 6.070 5.283 4.153 6.312 5.188 4.165 6.299 4.732 4.057 6.069
3.32 4.578 4.023 6.074 5.277 4.150 6.322 5.233 4.172 6.323 4.791 4.060 6.116
3.42 4.568 4.017 6.085 5.286 4.146 6.337 5.276 4.179 6.340 4.817 4.062 6.165
3.52 4.552 4.015 6.090 5.278 4.140 6.353 5.314 4.181 6.371 4.857 4.064 6.210
3.62 4.551 4.014 6.102 5.277 4.135 6.349 5.336 4.182 6.400 4.893 4.070 6.256
3.72 4.528 4.011 6.101 5.272 4.130 6.356 5.386 4.184 6.411 4.929 4.074 6.294
3.83 4.526 4.011 6.100 5.252 4.124 6.358 5.456 4.186 6.417 4.988 4.081 6.316
3.93 4.517 4.011 6.101 5.241 4.116 6.368 5.487 4.179 6.421 5.066 4.089 6.345
4.03 4.509 4.008 6.107 5.235 4.108 6.373 5.517 4.172 6.430 5.142 4.098 6.382
4.13 4.503 4.008 6.113 5.228 4.103 6.375 5.529 4.165 6.432 5.175 4.105 6.402
4.23 4.502 4.004 6.119 5.216 4.095 6.376 5.519 4.159 6.433 5.205 4.109 6.427
4.34 4.480 4.003 6.115 5.206 4.087 6.380 5.515 4.153 6.458 5.234 4.110 6.454
4.44 4.463 4.001 6.110 5.196 4.081 6.373 5.522 4.154 6.468 5.235 4.112 6.460
4.54 4.438 3.999 6.108 5.168 4.078 6.367 5.540 4.155 6.475 5.230 4.112 6.452
4.64 4.425 4.000 6.105 5.141 4.074 6.365 5.559 4.152 6.488 5.246 4.114 6.448
4.74 4.420 4.001 6.110 5.111 4.069 6.365 5.571 4.147 6.500 5.271 4.117 6.456
4.85 4.423 4.001 6.129 5.081 4.062 6.368 5.570 4.142 6.509 5.305 4.121 6.485
4.95 4.436 3.999 6.168 5.050 4.053 6.375 5.552 4.138 6.511 5.348 4.127 6.545
