# Nelson+ (2020) http://arxiv.org/abs/xxxx.xxxxx
# Figure 10: stacked radial profiles of cloud property [p_gas_linear = Gas Pressure [ log K cm$^{-3}$ ]]
# TNG50-1 (z = 0.5) haloID = 8 (nClouds stacked = 924, 764, 303, 133)
radius [pkpc], quantity [r_cloud=0.5] p50, p16, p84, quantity [r_cloud=1.0] p50, p16, p84, quantity [r_cloud=1.5] p50, p16, p84, quantity [r_cloud=2.0] p50, p16, p84

0.05 2.237 2.003 2.458 2.615 2.333 2.957 2.599 2.396 3.802 2.649 2.295 3.060
0.15 2.567 2.217 3.145 2.549 2.211 2.904 2.615 2.240 3.290 2.689 2.310 3.359
0.25 2.732 2.287 3.507 2.496 2.131 2.866 2.606 2.145 3.002 2.700 2.304 3.450
0.36 2.774 2.256 3.627 2.456 2.084 2.846 2.579 2.096 2.879 2.689 2.283 3.395
0.46 2.733 2.164 3.588 2.430 2.060 2.846 2.540 2.078 2.867 2.663 2.253 3.251
0.56 2.675 2.070 3.516 2.422 2.046 2.871 2.493 2.072 2.908 2.631 2.227 3.069
0.66 2.627 2.018 3.473 2.419 2.038 2.931 2.458 2.047 2.868 2.599 2.181 3.015
0.76 2.561 1.968 3.380 2.436 2.028 3.010 2.440 2.039 2.854 2.583 2.176 2.968
0.87 2.536 1.965 3.417 2.443 2.017 3.076 2.421 2.025 2.854 2.548 2.158 2.885
0.97 2.535 1.970 3.438 2.460 2.007 3.139 2.397 2.007 2.851 2.532 2.128 2.878
1.07 2.536 1.975 3.448 2.481 2.002 3.182 2.387 1.994 2.877 2.522 2.109 2.864
1.17 2.521 1.965 3.449 2.503 1.992 3.224 2.386 1.979 2.900 2.514 2.085 2.868
1.27 2.508 1.965 3.433 2.509 1.980 3.252 2.399 1.975 2.945 2.507 2.079 2.879
1.38 2.510 1.966 3.442 2.536 1.968 3.284 2.399 1.952 2.969 2.504 2.066 2.893
1.48 2.510 1.967 3.441 2.556 1.962 3.313 2.411 1.947 2.994 2.494 2.062 2.913
1.58 2.526 1.977 3.449 2.578 1.951 3.323 2.423 1.940 3.013 2.490 2.053 2.917
1.68 2.542 1.986 3.465 2.589 1.949 3.328 2.435 1.935 3.038 2.488 2.041 2.943
1.78 2.552 1.991 3.465 2.608 1.949 3.352 2.438 1.927 3.042 2.490 2.035 2.963
1.89 2.560 1.994 3.467 2.617 1.951 3.362 2.456 1.929 3.083 2.500 2.027 2.989
1.99 2.570 1.995 3.472 2.628 1.956 3.390 2.470 1.930 3.132 2.511 2.028 3.029
2.09 2.581 2.001 3.471 2.623 1.959 3.398 2.480 1.933 3.195 2.514 2.032 3.061
2.19 2.587 2.002 3.470 2.640 1.956 3.422 2.486 1.926 3.233 2.519 2.025 3.069
2.29 2.588 2.006 3.476 2.643 1.957 3.435 2.487 1.920 3.261 2.520 2.028 3.077
2.40 2.606 2.020 3.484 2.648 1.950 3.438 2.507 1.920 3.294 2.528 2.021 3.091
2.50 2.621 2.034 3.491 2.643 1.945 3.452 2.512 1.915 3.311 2.534 2.014 3.124
2.60 2.630 2.043 3.487 2.646 1.943 3.472 2.516 1.908 3.298 2.535 2.006 3.144
2.70 2.636 2.051 3.492 2.647 1.950 3.473 2.534 1.910 3.324 2.531 1.987 3.172
2.81 2.645 2.063 3.499 2.656 1.964 3.481 2.543 1.908 3.343 2.534 1.996 3.212
2.91 2.651 2.068 3.496 2.672 1.968 3.477 2.559 1.916 3.370 2.545 2.001 3.247
3.01 2.661 2.076 3.506 2.688 1.968 3.464 2.585 1.925 3.386 2.564 2.008 3.272
3.11 2.661 2.078 3.509 2.704 1.973 3.458 2.600 1.930 3.397 2.584 2.012 3.302
3.21 2.665 2.087 3.515 2.723 1.981 3.465 2.632 1.935 3.425 2.609 2.014 3.349
3.32 2.673 2.095 3.520 2.730 1.994 3.475 2.633 1.936 3.442 2.623 2.006 3.383
3.42 2.677 2.102 3.521 2.737 2.010 3.487 2.654 1.934 3.434 2.630 1.997 3.406
3.52 2.680 2.107 3.517 2.746 2.021 3.500 2.672 1.942 3.456 2.640 1.992 3.427
3.62 2.686 2.115 3.519 2.750 2.030 3.506 2.679 1.942 3.467 2.660 2.003 3.451
3.72 2.683 2.116 3.519 2.748 2.028 3.503 2.701 1.962 3.488 2.685 2.015 3.476
3.83 2.689 2.121 3.526 2.746 2.030 3.513 2.716 1.976 3.491 2.705 2.032 3.493
3.93 2.684 2.118 3.523 2.755 2.040 3.539 2.725 1.984 3.497 2.725 2.046 3.518
4.03 2.686 2.122 3.530 2.765 2.046 3.560 2.731 1.981 3.513 2.749 2.069 3.542
4.13 2.694 2.129 3.530 2.776 2.061 3.576 2.723 1.984 3.512 2.747 2.054 3.557
4.23 2.700 2.134 3.534 2.790 2.074 3.590 2.735 1.989 3.500 2.754 2.061 3.565
4.34 2.705 2.136 3.530 2.800 2.079 3.596 2.735 2.003 3.503 2.766 2.079 3.579
4.44 2.707 2.137 3.532 2.801 2.086 3.586 2.731 2.000 3.496 2.776 2.102 3.582
4.54 2.705 2.136 3.539 2.791 2.087 3.571 2.738 2.020 3.503 2.782 2.114 3.586
4.64 2.704 2.135 3.544 2.784 2.092 3.574 2.736 2.027 3.505 2.789 2.139 3.589
4.74 2.706 2.136 3.551 2.779 2.095 3.578 2.736 2.032 3.507 2.803 2.152 3.598
4.85 2.711 2.141 3.564 2.778 2.097 3.580 2.743 2.034 3.510 2.828 2.146 3.619
4.95 2.722 2.153 3.582 2.783 2.096 3.579 2.758 2.035 3.513 2.871 2.111 3.655
