# Nelson+ (2020) http://arxiv.org/abs/xxxx.xxxxx
# Figure 10: stacked radial profiles of cloud property [entropy = Gas Entropy [ log K cm$^{2}$ ]]
# TNG50-1 (z = 0.5) haloID = 8 (nClouds stacked = 924, 764, 303, 133)
radius [pkpc], quantity [r_cloud=0.5] p50, p16, p84, quantity [r_cloud=1.0] p50, p16, p84, quantity [r_cloud=1.5] p50, p16, p84, quantity [r_cloud=2.0] p50, p16, p84

0.05 4.763 4.628 4.948 4.289 3.881 4.628 3.919 3.865 4.483 4.126 3.883 4.471
0.15 4.591 4.134 5.219 4.364 3.923 4.669 4.063 3.847 4.567 4.084 3.860 4.478
0.25 4.650 4.004 5.541 4.449 3.991 4.759 4.182 3.852 4.642 4.079 3.851 4.496
0.36 4.864 4.130 5.884 4.542 4.079 4.896 4.280 3.877 4.713 4.103 3.851 4.527
0.46 5.158 4.409 6.219 4.642 4.182 5.075 4.363 3.918 4.783 4.147 3.860 4.571
0.56 5.429 4.696 6.515 4.754 4.297 5.293 4.439 3.975 4.840 4.193 3.865 4.617
0.66 5.608 4.891 6.729 4.857 4.401 5.565 4.507 4.040 4.954 4.266 3.891 4.735
0.76 5.689 5.003 6.831 4.963 4.491 5.869 4.562 4.104 5.067 4.318 3.923 4.809
0.87 5.738 5.008 6.917 5.092 4.584 6.170 4.632 4.176 5.211 4.379 3.961 4.892
0.97 5.736 4.940 6.973 5.248 4.671 6.428 4.717 4.245 5.391 4.431 4.001 4.977
1.07 5.737 4.910 7.029 5.390 4.748 6.622 4.793 4.310 5.623 4.479 4.039 5.086
1.17 5.750 4.883 7.076 5.539 4.817 6.804 4.879 4.380 5.859 4.525 4.063 5.193
1.27 5.725 4.836 7.078 5.665 4.874 6.937 4.972 4.431 6.072 4.571 4.091 5.312
1.38 5.719 4.815 7.111 5.791 4.940 7.029 5.049 4.478 6.224 4.605 4.099 5.416
1.48 5.730 4.805 7.130 5.884 4.991 7.122 5.138 4.528 6.397 4.644 4.133 5.574
1.58 5.746 4.788 7.162 5.954 5.030 7.197 5.208 4.545 6.523 4.684 4.166 5.666
1.68 5.778 4.776 7.195 6.030 5.071 7.263 5.265 4.560 6.605 4.717 4.194 5.807
1.78 5.767 4.761 7.216 6.095 5.092 7.316 5.325 4.577 6.713 4.764 4.220 5.944
1.89 5.765 4.752 7.242 6.145 5.100 7.372 5.397 4.596 6.835 4.810 4.249 6.101
1.99 5.789 4.743 7.285 6.220 5.102 7.454 5.477 4.625 6.939 4.864 4.272 6.253
2.09 5.785 4.722 7.309 6.277 5.104 7.516 5.570 4.671 7.062 4.938 4.309 6.405
2.19 5.783 4.699 7.335 6.349 5.117 7.582 5.649 4.723 7.152 4.991 4.336 6.486
2.29 5.780 4.682 7.363 6.380 5.122 7.646 5.730 4.779 7.270 5.043 4.374 6.612
2.40 5.768 4.644 7.388 6.414 5.139 7.686 5.817 4.811 7.345 5.101 4.425 6.670
2.50 5.744 4.601 7.395 6.431 5.132 7.708 5.888 4.843 7.397 5.152 4.450 6.798
2.60 5.708 4.562 7.383 6.440 5.117 7.719 5.970 4.880 7.476 5.211 4.470 6.888
2.70 5.665 4.520 7.377 6.450 5.097 7.746 6.071 4.904 7.541 5.281 4.495 6.988
2.81 5.640 4.490 7.397 6.468 5.077 7.768 6.143 4.931 7.600 5.340 4.502 7.094
2.91 5.601 4.456 7.401 6.494 5.054 7.788 6.215 4.962 7.687 5.430 4.509 7.206
3.01 5.576 4.425 7.401 6.508 5.031 7.813 6.297 5.012 7.753 5.519 4.532 7.276
3.11 5.553 4.408 7.408 6.494 5.003 7.829 6.350 5.040 7.807 5.616 4.560 7.375
3.21 5.537 4.380 7.414 6.506 4.982 7.851 6.425 5.084 7.850 5.740 4.608 7.474
3.32 5.522 4.364 7.422 6.500 4.952 7.863 6.494 5.100 7.873 5.821 4.638 7.549
3.42 5.511 4.348 7.435 6.517 4.931 7.875 6.542 5.113 7.908 5.878 4.666 7.625
3.52 5.500 4.334 7.446 6.507 4.897 7.890 6.590 5.106 7.944 5.925 4.688 7.684
3.62 5.499 4.327 7.467 6.500 4.880 7.886 6.619 5.108 7.983 5.961 4.696 7.748
3.72 5.479 4.315 7.477 6.500 4.853 7.899 6.668 5.105 8.002 5.992 4.690 7.809
3.83 5.468 4.305 7.474 6.478 4.812 7.911 6.739 5.104 8.019 6.054 4.704 7.860
3.93 5.453 4.304 7.474 6.463 4.782 7.920 6.769 5.087 8.023 6.152 4.698 7.908
4.03 5.449 4.295 7.479 6.451 4.736 7.931 6.797 5.082 8.029 6.284 4.701 7.966
4.13 5.445 4.287 7.483 6.437 4.699 7.942 6.824 5.076 8.034 6.332 4.728 7.980
4.23 5.439 4.275 7.483 6.419 4.663 7.944 6.820 5.060 8.046 6.402 4.732 8.007
4.34 5.418 4.261 7.479 6.394 4.633 7.945 6.825 5.025 8.066 6.448 4.740 8.021
4.44 5.404 4.247 7.478 6.373 4.616 7.942 6.832 5.018 8.084 6.454 4.740 8.030
4.54 5.380 4.235 7.481 6.338 4.597 7.940 6.840 5.003 8.093 6.447 4.723 8.034
4.64 5.365 4.227 7.488 6.304 4.577 7.939 6.849 4.975 8.110 6.453 4.702 8.052
4.74 5.356 4.219 7.503 6.271 4.555 7.939 6.863 4.953 8.124 6.468 4.688 8.074
4.85 5.355 4.207 7.529 6.243 4.528 7.942 6.885 4.945 8.134 6.497 4.690 8.097
4.95 5.366 4.192 7.569 6.221 4.495 7.949 6.918 4.958 8.135 6.545 4.716 8.119
