# Nelson+ (2020) http://arxiv.org/abs/xxxx.xxxxx
# Figure 10: stacked radial profiles of cloud property [hdens = Gas Hydrogen Density n$_{\rm H}$ [ log cm$^{-3}$ ]]
# TNG50-1 (z = 0.5) haloID = 8 (nClouds stacked = 924, 764, 303, 133)
radius [pkpc], quantity [r_cloud=0.5] p50, p16, p84, quantity [r_cloud=1.0] p50, p16, p84, quantity [r_cloud=1.5] p50, p16, p84, quantity [r_cloud=2.0] p50, p16, p84

0.05 -2.168 -2.383 -2.004 -1.630 -2.012 -1.170 -1.450 -1.871 -0.706 -1.542 -1.849 -1.181
0.15 -1.898 -2.311 -1.452 -1.744 -2.123 -1.263 -1.542 -2.009 -0.963 -1.510 -1.935 -0.963
0.25 -1.850 -2.334 -1.282 -1.848 -2.216 -1.356 -1.629 -2.114 -1.134 -1.508 -1.988 -0.880
0.36 -1.958 -2.424 -1.383 -1.942 -2.297 -1.449 -1.711 -2.194 -1.240 -1.532 -2.020 -0.897
0.46 -2.155 -2.554 -1.647 -2.030 -2.371 -1.542 -1.788 -2.255 -1.304 -1.574 -2.042 -0.980
0.56 -2.350 -2.673 -1.933 -2.109 -2.437 -1.638 -1.862 -2.298 -1.347 -1.625 -2.061 -1.096
0.66 -2.474 -2.800 -2.105 -2.190 -2.519 -1.731 -1.929 -2.364 -1.434 -1.688 -2.152 -1.165
0.76 -2.551 -2.878 -2.228 -2.261 -2.613 -1.815 -1.982 -2.412 -1.494 -1.746 -2.194 -1.252
0.87 -2.569 -2.920 -2.253 -2.341 -2.711 -1.899 -2.042 -2.460 -1.560 -1.812 -2.259 -1.343
0.97 -2.562 -2.941 -2.235 -2.414 -2.795 -1.984 -2.117 -2.521 -1.626 -1.867 -2.311 -1.403
1.07 -2.567 -2.961 -2.215 -2.472 -2.875 -2.044 -2.185 -2.594 -1.686 -1.914 -2.354 -1.445
1.17 -2.575 -2.986 -2.206 -2.537 -2.953 -2.098 -2.253 -2.661 -1.756 -1.958 -2.405 -1.463
1.27 -2.572 -3.001 -2.176 -2.593 -3.014 -2.144 -2.309 -2.720 -1.812 -1.995 -2.440 -1.491
1.38 -2.574 -3.018 -2.162 -2.640 -3.054 -2.192 -2.364 -2.776 -1.864 -2.026 -2.483 -1.496
1.48 -2.583 -3.038 -2.154 -2.678 -3.104 -2.231 -2.413 -2.841 -1.916 -2.056 -2.540 -1.530
1.58 -2.585 -3.051 -2.134 -2.715 -3.154 -2.266 -2.452 -2.894 -1.935 -2.089 -2.584 -1.565
1.68 -2.593 -3.071 -2.123 -2.754 -3.196 -2.302 -2.480 -2.940 -1.945 -2.117 -2.634 -1.593
1.78 -2.598 -3.084 -2.105 -2.773 -3.223 -2.323 -2.519 -2.993 -1.958 -2.146 -2.670 -1.615
1.89 -2.600 -3.100 -2.090 -2.790 -3.256 -2.333 -2.550 -3.040 -1.959 -2.173 -2.711 -1.635
1.99 -2.608 -3.121 -2.074 -2.816 -3.292 -2.353 -2.580 -3.079 -1.967 -2.209 -2.747 -1.659
2.09 -2.606 -3.137 -2.052 -2.837 -3.321 -2.370 -2.613 -3.118 -2.002 -2.248 -2.796 -1.700
2.19 -2.607 -3.154 -2.036 -2.861 -3.345 -2.393 -2.646 -3.154 -2.043 -2.278 -2.833 -1.733
2.29 -2.612 -3.171 -2.021 -2.881 -3.372 -2.396 -2.683 -3.192 -2.098 -2.311 -2.888 -1.774
2.40 -2.601 -3.180 -1.988 -2.898 -3.393 -2.406 -2.717 -3.225 -2.119 -2.342 -2.929 -1.821
2.50 -2.589 -3.189 -1.954 -2.914 -3.410 -2.392 -2.740 -3.256 -2.156 -2.375 -2.984 -1.847
2.60 -2.579 -3.196 -1.919 -2.911 -3.416 -2.373 -2.780 -3.296 -2.196 -2.406 -3.027 -1.865
2.70 -2.564 -3.193 -1.879 -2.912 -3.429 -2.356 -2.803 -3.329 -2.218 -2.437 -3.072 -1.888
2.81 -2.552 -3.197 -1.840 -2.914 -3.438 -2.341 -2.826 -3.365 -2.238 -2.475 -3.104 -1.893
2.91 -2.541 -3.198 -1.806 -2.918 -3.449 -2.326 -2.851 -3.398 -2.279 -2.505 -3.152 -1.907
3.01 -2.533 -3.193 -1.769 -2.924 -3.463 -2.312 -2.885 -3.425 -2.319 -2.537 -3.191 -1.922
3.11 -2.533 -3.193 -1.756 -2.922 -3.468 -2.285 -2.914 -3.448 -2.348 -2.569 -3.228 -1.945
3.21 -2.524 -3.194 -1.738 -2.919 -3.474 -2.262 -2.940 -3.471 -2.372 -2.607 -3.264 -1.980
3.32 -2.516 -3.200 -1.725 -2.919 -3.484 -2.228 -2.957 -3.491 -2.396 -2.646 -3.294 -2.007
3.42 -2.512 -3.210 -1.714 -2.918 -3.488 -2.197 -2.975 -3.510 -2.407 -2.672 -3.327 -2.032
3.52 -2.507 -3.215 -1.700 -2.905 -3.493 -2.159 -2.982 -3.528 -2.398 -2.690 -3.356 -2.052
3.62 -2.500 -3.223 -1.689 -2.901 -3.491 -2.128 -2.993 -3.547 -2.383 -2.713 -3.369 -2.047
3.72 -2.494 -3.228 -1.679 -2.905 -3.501 -2.104 -2.999 -3.558 -2.378 -2.730 -3.382 -2.039
3.83 -2.485 -3.230 -1.664 -2.902 -3.509 -2.076 -3.025 -3.571 -2.371 -2.759 -3.398 -2.039
3.93 -2.484 -3.235 -1.667 -2.893 -3.514 -2.049 -3.030 -3.575 -2.362 -2.792 -3.419 -2.035
4.03 -2.478 -3.235 -1.662 -2.887 -3.522 -2.010 -3.029 -3.578 -2.359 -2.829 -3.437 -2.040
4.13 -2.471 -3.237 -1.654 -2.882 -3.530 -1.975 -3.027 -3.585 -2.359 -2.850 -3.445 -2.066
4.23 -2.466 -3.239 -1.645 -2.869 -3.526 -1.933 -3.024 -3.591 -2.349 -2.870 -3.467 -2.075
4.34 -2.460 -3.236 -1.626 -2.852 -3.527 -1.899 -3.022 -3.602 -2.319 -2.871 -3.484 -2.082
4.44 -2.453 -3.234 -1.609 -2.845 -3.523 -1.873 -3.035 -3.612 -2.309 -2.867 -3.490 -2.075
4.54 -2.445 -3.237 -1.599 -2.839 -3.525 -1.857 -3.043 -3.619 -2.293 -2.860 -3.495 -2.050
4.64 -2.437 -3.246 -1.587 -2.828 -3.522 -1.842 -3.058 -3.625 -2.273 -2.854 -3.512 -2.022
4.74 -2.432 -3.253 -1.577 -2.817 -3.519 -1.826 -3.065 -3.627 -2.259 -2.852 -3.527 -2.005
4.85 -2.432 -3.257 -1.566 -2.807 -3.517 -1.804 -3.058 -3.626 -2.256 -2.856 -3.535 -2.010
4.95 -2.439 -3.253 -1.557 -2.800 -3.515 -1.773 -3.027 -3.621 -2.270 -2.870 -3.533 -2.048
