# Nelson+ (2020) http://arxiv.org/abs/xxxx.xxxxx
# Figure 10: stacked radial profiles of cloud property [Mg II numdens = n$_{\rm MgII}$ [ log cm$^{-3}$ ]]
# TNG50-1 (z = 0.5) haloID = 8 (nClouds stacked = 924, 764, 303, 133)
radius [pkpc], quantity [r_cloud=0.5] p50, p16, p84, quantity [r_cloud=1.0] p50, p16, p84, quantity [r_cloud=1.5] p50, p16, p84, quantity [r_cloud=2.0] p50, p16, p84

0.05 -7.552 -7.671 -7.156 -6.602 -7.473 -5.970 -6.323 -6.952 -5.368 -6.600 -6.942 -6.218
0.15 -7.354 -8.806 -6.479 -6.759 -7.192 -6.091 -6.485 -7.262 -5.698 -6.470 -6.954 -5.889
0.25 -7.696 -10.186 -6.431 -6.918 -7.288 -6.220 -6.614 -7.438 -5.924 -6.421 -7.009 -5.761
0.36 -8.395 -11.722 -6.810 -7.086 -7.700 -6.356 -6.722 -7.531 -6.072 -6.435 -7.097 -5.780
0.46 -9.266 -13.323 -7.417 -7.267 -8.367 -6.501 -6.817 -7.588 -6.168 -6.496 -7.204 -5.891
0.56 -10.047 -15.009 -7.979 -7.475 -9.167 -6.652 -6.912 -7.570 -6.223 -6.580 -7.275 -6.033
0.66 -10.604 -16.398 -8.285 -7.659 -10.114 -6.831 -7.029 -7.807 -6.370 -6.679 -7.456 -6.116
0.76 -10.949 -17.403 -8.410 -7.883 -11.264 -7.003 -7.129 -8.222 -6.436 -6.765 -7.565 -6.206
0.87 -11.105 -18.260 -8.320 -8.243 -12.487 -7.191 -7.257 -8.832 -6.521 -6.867 -7.612 -6.284
0.97 -11.079 -19.020 -8.290 -8.799 -13.762 -7.396 -7.414 -9.599 -6.624 -6.947 -7.805 -6.324
1.07 -11.084 -19.536 -8.255 -9.353 -14.811 -7.583 -7.569 -10.515 -6.712 -7.021 -8.235 -6.365
1.17 -11.098 -20.021 -8.225 -9.990 -16.213 -7.763 -7.728 -11.325 -6.823 -7.090 -8.748 -6.390
1.27 -11.010 -20.161 -8.170 -10.543 -17.457 -7.917 -7.919 -12.087 -6.908 -7.172 -9.374 -6.441
1.38 -10.986 -20.502 -8.136 -11.068 -18.442 -8.055 -8.072 -12.392 -6.989 -7.245 -9.943 -6.463
1.48 -11.016 -20.656 -8.109 -11.418 -19.462 -8.169 -8.321 -12.964 -7.109 -7.328 -10.587 -6.519
1.58 -11.091 -21.030 -8.064 -11.651 -20.253 -8.248 -8.518 -13.465 -7.161 -7.425 -10.941 -6.561
1.68 -11.214 -21.442 -8.027 -11.889 -21.019 -8.313 -8.676 -14.031 -7.218 -7.517 -11.308 -6.597
1.78 -11.191 -21.453 -7.988 -12.087 -21.749 -8.353 -8.915 -14.766 -7.289 -7.600 -11.624 -6.632
1.89 -11.199 -21.594 -7.948 -12.175 -22.329 -8.371 -9.242 -16.195 -7.360 -7.655 -12.023 -6.662
1.99 -11.266 -22.104 -7.919 -12.367 -23.447 -8.382 -9.577 -17.198 -7.458 -7.758 -12.654 -6.698
2.09 -11.241 -22.408 -7.876 -12.504 -24.307 -8.396 -9.979 -18.768 -7.562 -7.906 -13.330 -6.768
2.19 -11.220 -22.613 -7.814 -12.712 -25.357 -8.422 -10.371 -19.895 -7.652 -8.015 -13.699 -6.804
2.29 -11.174 -22.937 -7.764 -12.774 -26.324 -8.438 -10.749 -21.212 -7.780 -8.131 -14.520 -6.863
2.40 -11.143 -23.324 -7.663 -12.909 -27.032 -8.479 -11.075 -22.366 -7.860 -8.309 -15.141 -6.923
2.50 -11.062 -23.282 -7.546 -12.978 -27.582 -8.486 -11.322 -23.141 -7.926 -8.467 -15.981 -6.968
2.60 -10.928 -22.891 -7.437 -13.027 -27.916 -8.466 -11.616 -23.914 -8.002 -8.631 -16.818 -6.999
2.70 -10.764 -22.878 -7.325 -13.030 -28.193 -8.415 -11.925 -24.885 -8.041 -8.830 -17.550 -7.043
2.81 -10.690 -23.189 -7.221 -13.092 -28.391 -8.374 -12.106 -25.585 -8.093 -9.079 -18.739 -7.071
2.91 -10.530 -23.089 -7.126 -13.195 -28.531 -8.308 -12.303 -26.630 -8.128 -9.452 -19.987 -7.098
3.01 -10.410 -23.052 -7.029 -13.239 -28.716 -8.264 -12.581 -27.347 -8.192 -9.855 -20.761 -7.135
3.11 -10.299 -23.256 -6.986 -13.199 -28.860 -8.209 -12.712 -28.013 -8.277 -10.310 -22.037 -7.194
3.21 -10.212 -23.387 -6.939 -13.286 -29.142 -8.181 -12.900 -28.934 -8.383 -10.807 -23.502 -7.278
3.32 -10.108 -23.463 -6.905 -13.271 -29.349 -8.124 -13.122 -29.457 -8.428 -11.156 -24.601 -7.354
3.42 -10.049 -23.674 -6.893 -13.327 -29.605 -8.070 -13.251 -29.863 -8.454 -11.367 -25.821 -7.407
3.52 -9.986 -23.822 -6.879 -13.284 -29.870 -7.993 -13.469 -30.403 -8.430 -11.511 -26.809 -7.467
3.62 -9.980 -24.075 -6.861 -13.261 -29.780 -7.935 -13.680 -30.922 -8.423 -11.654 -27.881 -7.502
3.72 -9.891 -24.093 -6.842 -13.258 -29.884 -7.853 -14.068 -31.058 -8.395 -11.772 -28.739 -7.500
3.83 -9.863 -24.047 -6.814 -13.184 -29.926 -7.760 -14.586 -31.176 -8.394 -11.952 -29.245 -7.518
3.93 -9.828 -24.139 -6.806 -13.139 -30.147 -7.654 -14.799 -31.253 -8.381 -12.254 -29.897 -7.516
4.03 -9.810 -24.241 -6.794 -13.127 -30.290 -7.541 -14.998 -31.459 -8.364 -12.583 -30.690 -7.537
4.13 -9.800 -24.359 -6.780 -13.105 -30.389 -7.445 -15.070 -31.440 -8.349 -12.686 -30.990 -7.606
4.23 -9.804 -24.461 -6.764 -13.071 -30.456 -7.357 -14.925 -31.285 -8.323 -12.878 -31.404 -7.647
4.34 -9.700 -24.407 -6.737 -12.997 -30.520 -7.293 -14.957 -32.126 -8.252 -12.979 -31.751 -7.670
4.44 -9.621 -24.279 -6.713 -12.924 -30.390 -7.248 -15.098 -32.512 -8.226 -12.969 -31.753 -7.700
4.54 -9.516 -24.257 -6.696 -12.825 -30.250 -7.208 -15.248 -32.988 -8.189 -12.946 -31.325 -7.668
4.64 -9.445 -24.202 -6.677 -12.718 -30.171 -7.152 -15.453 -33.707 -8.134 -12.990 -31.275 -7.615
4.74 -9.409 -24.357 -6.660 -12.610 -30.140 -7.099 -15.608 -34.292 -8.093 -13.094 -31.958 -7.564
4.85 -9.417 -24.843 -6.648 -12.505 -30.182 -7.051 -15.663 -34.585 -8.079 -13.282 -33.764 -7.535
4.95 -9.483 -25.780 -6.641 -12.410 -30.321 -7.012 -15.568 -34.433 -8.107 -13.576 -37.084 -7.545
