# Nelson+ (2020) http://arxiv.org/abs/xxxx.xxxxx
# Figure 10: stacked radial profiles of cloud property [vrel = Local Radial Velocity [ km/s ]]
# TNG50-1 (z = 0.5) haloID = 8 (nClouds stacked = 924, 764, 303, 133)
radius [pkpc], quantity [r_cloud=0.5] p50, p16, p84, quantity [r_cloud=1.0] p50, p16, p84, quantity [r_cloud=1.5] p50, p16, p84, quantity [r_cloud=2.0] p50, p16, p84

0.05 -0.388 -0.000 -0.052 -1.401 -9.442 8.422 8.329 -9.089 19.318 0.352 -8.573 3.363
0.15 -8.080 -23.709 -0.092 -3.280 -13.692 5.449 1.677 -14.382 13.550 1.810 -10.363 8.205
0.25 -12.526 -36.377 -0.314 -4.949 -17.458 3.475 -2.134 -17.646 9.955 1.629 -12.332 10.639
0.36 -14.344 -40.576 -0.505 -6.429 -20.750 2.304 -3.861 -19.444 8.012 0.337 -14.404 11.311
0.46 -14.149 -38.880 -0.457 -7.739 -23.578 1.736 -4.262 -20.340 7.201 -1.534 -16.502 10.865
0.56 -12.416 -34.455 0.415 -9.087 -26.039 1.261 -4.150 -20.521 6.973 -3.546 -18.303 10.223
0.66 -10.876 -30.741 1.404 -9.975 -28.069 1.625 -5.109 -22.784 6.314 -3.771 -20.223 9.799
0.76 -8.019 -25.665 3.338 -10.831 -29.284 1.561 -6.038 -24.457 5.713 -4.805 -22.148 9.625
0.87 -5.558 -23.881 5.588 -11.043 -29.887 1.883 -7.059 -25.832 5.236 -5.214 -24.023 9.833
0.97 -4.418 -23.546 7.949 -10.858 -29.602 2.423 -7.674 -26.818 4.814 -5.594 -25.085 9.642
1.07 -3.664 -23.388 9.599 -10.303 -29.250 3.178 -8.628 -28.245 4.100 -5.746 -25.974 9.490
1.17 -2.836 -22.565 11.162 -9.624 -28.630 3.909 -8.950 -29.207 4.056 -5.721 -26.575 9.747
1.27 -2.241 -22.959 12.436 -8.933 -27.870 4.657 -8.613 -29.212 4.644 -6.035 -27.278 9.835
1.38 -1.740 -22.913 14.063 -8.219 -27.176 5.643 -8.631 -28.921 5.176 -6.320 -27.920 9.965
1.48 -1.535 -23.590 15.524 -7.488 -26.811 7.013 -8.146 -28.658 5.912 -6.257 -28.014 9.848
1.58 -1.199 -24.206 17.533 -6.719 -26.370 7.855 -7.747 -28.235 6.922 -6.557 -28.658 9.831
1.68 -0.695 -24.777 19.636 -5.903 -26.046 9.235 -6.784 -27.730 7.827 -6.455 -29.658 10.017
1.78 -0.142 -25.165 21.748 -4.989 -25.776 10.887 -6.535 -28.142 7.866 -6.707 -30.628 10.220
1.89 0.028 -25.392 23.088 -4.150 -26.004 11.835 -6.414 -28.708 8.356 -6.727 -31.285 10.611
1.99 0.039 -26.363 23.670 -3.382 -26.899 13.212 -6.245 -29.730 8.996 -6.987 -31.332 11.423
2.09 0.361 -27.466 25.049 -2.866 -27.782 14.166 -5.778 -29.816 10.090 -7.448 -32.012 11.657
2.19 0.382 -28.698 26.133 -2.435 -28.627 15.512 -5.669 -30.067 10.832 -7.624 -32.288 12.478
2.29 0.222 -29.751 27.643 -1.961 -29.727 16.925 -5.167 -29.887 11.766 -7.158 -32.460 13.281
2.40 0.272 -31.199 29.559 -1.460 -29.952 18.009 -4.587 -29.367 14.019 -6.630 -32.582 14.409
2.50 0.423 -32.257 31.211 -0.962 -30.414 19.638 -3.672 -28.819 15.406 -5.992 -32.643 15.384
2.60 0.519 -33.474 32.523 -0.564 -31.050 20.930 -3.559 -28.569 16.086 -5.322 -32.837 16.159
2.70 0.435 -35.014 33.463 -0.315 -32.116 21.993 -3.028 -27.717 18.138 -5.216 -32.525 16.021
2.81 0.315 -37.520 34.214 -0.124 -33.266 23.294 -2.672 -27.269 19.790 -4.965 -32.025 16.763
2.91 0.643 -39.257 35.617 -0.031 -34.742 24.471 -2.267 -27.933 20.721 -4.499 -32.360 17.244
3.01 0.577 -41.479 36.462 -0.024 -35.605 25.621 -1.849 -28.501 21.714 -4.503 -33.717 18.364
3.11 0.522 -42.443 37.273 0.247 -36.663 26.751 -1.754 -29.070 22.894 -4.096 -34.994 19.637
3.21 0.562 -43.161 38.337 0.274 -37.529 27.804 -1.368 -29.184 24.768 -3.459 -35.199 20.902
3.32 0.747 -43.669 38.993 0.338 -39.141 29.072 -1.291 -30.957 24.944 -2.903 -35.440 22.446
3.42 0.857 -44.083 39.377 0.275 -40.735 30.264 -1.068 -32.297 25.710 -2.359 -35.381 23.977
3.52 0.847 -44.681 40.340 0.120 -42.687 31.575 -0.834 -33.609 27.038 -2.137 -35.100 24.255
3.62 1.021 -45.455 41.992 -0.219 -44.707 32.410 -0.683 -34.755 28.132 -1.136 -35.342 26.925
3.72 1.228 -45.990 43.590 0.028 -45.517 33.675 -0.390 -37.979 27.832 -1.144 -37.123 28.755
3.83 1.341 -47.325 45.016 0.119 -46.742 34.666 -0.199 -40.225 29.523 -0.928 -39.523 30.445
3.93 1.326 -48.325 45.711 0.522 -48.492 35.580 0.112 -41.857 31.712 -0.889 -42.291 32.818
4.03 1.217 -49.282 46.210 0.717 -50.091 36.713 0.346 -42.604 33.759 -0.958 -44.663 33.816
4.13 1.285 -50.145 46.437 0.791 -52.151 37.562 0.094 -44.325 34.257 -1.264 -46.300 34.550
4.23 1.480 -50.680 46.693 0.645 -53.385 38.636 0.009 -45.162 35.055 -1.516 -47.791 35.471
4.34 1.455 -51.257 47.123 -0.025 -54.863 38.570 0.225 -45.795 36.144 -0.842 -48.756 37.338
4.44 1.455 -51.702 47.880 -0.583 -56.365 38.749 0.349 -45.300 36.034 -0.102 -49.081 39.018
4.54 1.533 -51.948 48.973 -0.622 -56.369 38.754 0.233 -46.269 35.432 -0.419 -51.369 39.928
4.64 1.589 -52.743 49.755 -0.725 -57.522 38.789 0.118 -47.279 36.428 0.203 -53.351 41.672
4.74 1.667 -53.251 50.446 -0.750 -58.368 39.064 -0.037 -48.888 37.575 0.298 -56.161 43.439
4.85 1.780 -53.177 51.022 -0.711 -58.579 39.736 -0.208 -51.310 38.596 -0.576 -60.098 45.095
4.95 1.939 -52.227 51.458 -0.619 -57.824 40.963 -0.375 -54.761 39.209 -2.864 -65.459 46.504
