# Nelson+ (2020) http://arxiv.org/abs/xxxx.xxxxx
# Figure 10: stacked radial profiles of cloud property [MHIGK_numdens = n$_{\rm HI} [ log cm$^{-3}$ ]]
# TNG50-1 (z = 0.5) haloID = 8 (nClouds stacked = 924, 764, 303, 133)
radius [pkpc], quantity [r_cloud=0.5] p50, p16, p84, quantity [r_cloud=1.0] p50, p16, p84, quantity [r_cloud=1.5] p50, p16, p84, quantity [r_cloud=2.0] p50, p16, p84

0.05 -3.132 -4.002 -2.531 -2.181 -2.983 -1.483 -1.836 -2.528 -1.036 -1.784 -2.463 -1.423
0.15 -2.629 -4.880 -1.763 -2.281 -2.971 -1.603 -1.909 -2.785 -1.343 -1.824 -2.543 -1.085
0.25 -2.882 -5.776 -1.589 -2.414 -3.228 -1.716 -2.002 -2.977 -1.531 -1.864 -2.599 -0.976
0.36 -3.636 -6.635 -1.841 -2.586 -3.700 -1.830 -2.109 -3.137 -1.634 -1.907 -2.651 -1.035
0.46 -4.634 -7.406 -2.348 -2.804 -4.334 -1.949 -2.229 -3.298 -1.684 -1.955 -2.719 -1.197
0.56 -5.525 -8.035 -2.905 -3.101 -5.062 -2.100 -2.358 -3.435 -1.711 -1.991 -2.758 -1.382
0.66 -6.075 -8.413 -3.297 -3.419 -5.869 -2.250 -2.488 -3.814 -1.798 -2.100 -3.085 -1.510
0.76 -6.271 -8.494 -3.516 -3.801 -6.673 -2.384 -2.602 -4.224 -1.865 -2.178 -3.313 -1.620
0.87 -6.359 -8.637 -3.566 -4.258 -7.381 -2.567 -2.751 -4.723 -1.942 -2.264 -3.534 -1.724
0.97 -6.361 -8.726 -3.402 -4.785 -7.887 -2.768 -2.957 -5.336 -2.031 -2.347 -3.827 -1.764
1.07 -6.368 -8.823 -3.338 -5.252 -8.214 -2.952 -3.171 -6.018 -2.123 -2.426 -4.217 -1.802
1.17 -6.399 -8.899 -3.279 -5.710 -8.505 -3.139 -3.427 -6.639 -2.222 -2.495 -4.679 -1.820
1.27 -6.350 -8.921 -3.155 -6.068 -8.707 -3.316 -3.718 -7.146 -2.308 -2.590 -5.171 -1.848
1.38 -6.334 -8.986 -3.133 -6.405 -8.846 -3.533 -3.975 -7.465 -2.384 -2.659 -5.539 -1.850
1.48 -6.350 -9.031 -3.102 -6.659 -8.995 -3.730 -4.308 -7.812 -2.484 -2.763 -6.010 -1.894
1.58 -6.404 -9.085 -3.052 -6.862 -9.125 -3.861 -4.571 -8.013 -2.514 -2.861 -6.252 -1.935
1.68 -6.479 -9.137 -3.043 -7.058 -9.237 -3.998 -4.772 -8.154 -2.538 -2.944 -6.493 -1.975
1.78 -6.467 -9.171 -3.022 -7.228 -9.328 -4.063 -5.005 -8.334 -2.574 -3.060 -6.774 -2.012
1.89 -6.470 -9.216 -3.019 -7.344 -9.418 -4.089 -5.242 -8.527 -2.596 -3.159 -7.111 -2.050
1.99 -6.530 -9.276 -3.002 -7.509 -9.543 -4.103 -5.478 -8.701 -2.650 -3.316 -7.457 -2.088
2.09 -6.524 -9.326 -2.925 -7.596 -9.639 -4.106 -5.733 -8.907 -2.743 -3.570 -7.771 -2.132
2.19 -6.507 -9.373 -2.851 -7.738 -9.750 -4.163 -5.946 -9.050 -2.856 -3.741 -7.954 -2.172
2.29 -6.494 -9.431 -2.797 -7.808 -9.844 -4.197 -6.207 -9.244 -3.014 -3.951 -8.204 -2.223
2.40 -6.471 -9.467 -2.703 -7.883 -9.913 -4.257 -6.445 -9.379 -3.127 -4.193 -8.304 -2.291
2.50 -6.408 -9.479 -2.607 -7.928 -9.948 -4.268 -6.604 -9.481 -3.252 -4.412 -8.540 -2.334
2.60 -6.322 -9.478 -2.544 -7.948 -9.970 -4.223 -6.827 -9.607 -3.387 -4.609 -8.680 -2.368
2.70 -6.219 -9.472 -2.468 -7.975 -10.011 -4.164 -7.064 -9.713 -3.451 -4.831 -8.833 -2.409
2.81 -6.162 -9.497 -2.422 -8.011 -10.046 -4.108 -7.229 -9.792 -3.561 -5.072 -8.983 -2.424
2.91 -6.066 -9.506 -2.358 -8.059 -10.091 -4.026 -7.389 -9.912 -3.633 -5.378 -9.131 -2.435
3.01 -5.991 -9.508 -2.299 -8.082 -10.148 -3.931 -7.576 -9.992 -3.802 -5.634 -9.252 -2.489
3.11 -5.933 -9.526 -2.274 -8.059 -10.177 -3.810 -7.698 -10.083 -3.919 -5.938 -9.382 -2.525
3.21 -5.884 -9.534 -2.225 -8.087 -10.212 -3.747 -7.860 -10.162 -4.065 -6.266 -9.525 -2.607
3.32 -5.825 -9.555 -2.195 -8.075 -10.226 -3.671 -7.997 -10.201 -4.125 -6.502 -9.650 -2.684
3.42 -5.799 -9.579 -2.174 -8.105 -10.255 -3.602 -8.114 -10.265 -4.163 -6.643 -9.757 -2.737
3.52 -5.755 -9.602 -2.153 -8.080 -10.274 -3.510 -8.217 -10.320 -4.140 -6.792 -9.849 -2.790
3.62 -5.743 -9.629 -2.144 -8.065 -10.276 -3.470 -8.258 -10.347 -4.140 -6.897 -9.932 -2.828
3.72 -5.693 -9.648 -2.130 -8.060 -10.306 -3.398 -8.327 -10.368 -4.121 -6.980 -10.033 -2.853
3.83 -5.665 -9.646 -2.120 -8.009 -10.330 -3.278 -8.447 -10.376 -4.151 -7.136 -10.098 -2.908
3.93 -5.633 -9.653 -2.123 -7.975 -10.340 -3.185 -8.476 -10.392 -4.099 -7.347 -10.156 -2.896
4.03 -5.618 -9.663 -2.110 -7.959 -10.344 -3.068 -8.524 -10.410 -4.056 -7.592 -10.253 -2.916
4.13 -5.602 -9.669 -2.097 -7.942 -10.343 -2.977 -8.570 -10.419 -4.006 -7.706 -10.280 -2.992
4.23 -5.598 -9.669 -2.079 -7.918 -10.352 -2.884 -8.565 -10.458 -3.932 -7.853 -10.324 -3.001
4.34 -5.526 -9.676 -2.058 -7.883 -10.359 -2.798 -8.580 -10.487 -3.828 -7.947 -10.354 -2.976
4.44 -5.475 -9.674 -2.042 -7.851 -10.356 -2.752 -8.592 -10.505 -3.808 -7.948 -10.364 -2.989
4.54 -5.406 -9.676 -2.026 -7.781 -10.366 -2.713 -8.608 -10.523 -3.794 -7.919 -10.367 -2.974
4.64 -5.350 -9.682 -2.019 -7.709 -10.366 -2.672 -8.635 -10.544 -3.741 -7.928 -10.373 -2.954
4.74 -5.318 -9.696 -2.009 -7.639 -10.366 -2.629 -8.664 -10.560 -3.699 -7.961 -10.395 -2.957
4.85 -5.321 -9.722 -1.993 -7.576 -10.367 -2.579 -8.692 -10.570 -3.679 -8.028 -10.443 -2.999
4.95 -5.371 -9.764 -1.968 -7.527 -10.372 -2.517 -8.718 -10.572 -3.694 -8.142 -10.526 -3.098
