# Nelson+ (2020) http://arxiv.org/abs/xxxx.xxxxx
# Figure 10: stacked radial profiles of cloud property [beta = $\beta$ = P$_{\rm gas}$ / P$_{\rm B}$ [ log ]]
# TNG50-1 (z = 0.5) haloID = 8 (nClouds stacked = 924, 764, 303, 133)
radius [pkpc], quantity [r_cloud=0.5] p50, p16, p84, quantity [r_cloud=1.0] p50, p16, p84, quantity [r_cloud=1.5] p50, p16, p84, quantity [r_cloud=2.0] p50, p16, p84

0.05 -0.323 -0.807 0.270 -0.388 -0.762 0.031 -0.702 -0.947 -0.312 -0.375 -0.673 -0.097
0.15 -0.277 -0.961 0.384 -0.438 -0.858 0.057 -0.530 -0.936 -0.077 -0.276 -0.758 0.370
0.25 -0.180 -0.954 0.542 -0.447 -0.905 0.111 -0.436 -0.930 0.056 -0.246 -0.820 0.562
0.36 -0.051 -0.837 0.721 -0.422 -0.913 0.189 -0.398 -0.926 0.118 -0.262 -0.861 0.561
0.46 0.087 -0.659 0.900 -0.370 -0.892 0.290 -0.394 -0.922 0.135 -0.306 -0.887 0.444
0.56 0.211 -0.485 1.051 -0.294 -0.859 0.406 -0.403 -0.912 0.133 -0.364 -0.903 0.299
0.66 0.277 -0.372 1.140 -0.210 -0.803 0.549 -0.376 -0.893 0.180 -0.360 -0.907 0.304
0.76 0.318 -0.318 1.181 -0.120 -0.745 0.701 -0.351 -0.885 0.255 -0.354 -0.907 0.288
0.87 0.356 -0.322 1.212 -0.032 -0.682 0.832 -0.315 -0.865 0.312 -0.365 -0.908 0.311
0.97 0.376 -0.327 1.239 0.055 -0.631 0.946 -0.287 -0.850 0.399 -0.349 -0.898 0.327
1.07 0.381 -0.338 1.251 0.125 -0.582 1.036 -0.232 -0.813 0.500 -0.340 -0.886 0.352
1.17 0.385 -0.339 1.270 0.200 -0.533 1.136 -0.187 -0.788 0.607 -0.334 -0.868 0.387
1.27 0.371 -0.359 1.256 0.258 -0.502 1.206 -0.133 -0.748 0.712 -0.321 -0.859 0.415
1.38 0.363 -0.357 1.261 0.310 -0.467 1.262 -0.092 -0.712 0.782 -0.306 -0.847 0.461
1.48 0.375 -0.367 1.279 0.359 -0.418 1.312 -0.045 -0.665 0.868 -0.266 -0.836 0.512
1.58 0.389 -0.391 1.304 0.403 -0.369 1.349 -0.009 -0.652 0.929 -0.228 -0.824 0.562
1.68 0.401 -0.407 1.316 0.440 -0.334 1.382 0.026 -0.641 0.970 -0.198 -0.820 0.654
1.78 0.394 -0.437 1.334 0.477 -0.313 1.419 0.055 -0.629 1.019 -0.178 -0.812 0.709
1.89 0.386 -0.458 1.337 0.490 -0.306 1.431 0.091 -0.611 1.071 -0.161 -0.789 0.788
1.99 0.382 -0.468 1.338 0.518 -0.301 1.459 0.116 -0.604 1.133 -0.129 -0.771 0.862
2.09 0.368 -0.484 1.347 0.538 -0.308 1.491 0.161 -0.567 1.212 -0.087 -0.757 0.923
2.19 0.359 -0.486 1.357 0.552 -0.309 1.521 0.185 -0.544 1.242 -0.072 -0.744 0.954
2.29 0.356 -0.500 1.363 0.567 -0.306 1.547 0.220 -0.506 1.296 -0.038 -0.738 1.002
2.40 0.350 -0.521 1.372 0.585 -0.295 1.565 0.260 -0.489 1.316 -0.013 -0.727 1.048
2.50 0.335 -0.538 1.377 0.588 -0.294 1.584 0.295 -0.473 1.366 0.007 -0.724 1.117
2.60 0.323 -0.560 1.375 0.586 -0.295 1.596 0.326 -0.450 1.403 0.013 -0.710 1.151
2.70 0.303 -0.587 1.371 0.575 -0.303 1.585 0.369 -0.435 1.421 0.030 -0.672 1.194
2.81 0.290 -0.614 1.367 0.569 -0.313 1.573 0.399 -0.417 1.436 0.060 -0.676 1.224
2.91 0.264 -0.645 1.362 0.566 -0.340 1.568 0.426 -0.401 1.475 0.101 -0.668 1.266
3.01 0.255 -0.661 1.357 0.560 -0.365 1.581 0.459 -0.382 1.488 0.137 -0.664 1.303
3.11 0.246 -0.677 1.358 0.557 -0.391 1.589 0.473 -0.364 1.516 0.197 -0.649 1.356
3.21 0.236 -0.689 1.355 0.561 -0.404 1.602 0.503 -0.358 1.540 0.239 -0.621 1.395
3.32 0.231 -0.691 1.358 0.564 -0.418 1.610 0.525 -0.361 1.586 0.292 -0.604 1.430
3.42 0.239 -0.688 1.365 0.566 -0.425 1.619 0.547 -0.364 1.619 0.325 -0.585 1.466
3.52 0.233 -0.683 1.380 0.566 -0.434 1.620 0.580 -0.368 1.646 0.355 -0.552 1.469
3.62 0.233 -0.684 1.387 0.561 -0.448 1.606 0.595 -0.377 1.674 0.374 -0.553 1.507
3.72 0.228 -0.688 1.389 0.556 -0.466 1.618 0.606 -0.367 1.679 0.391 -0.556 1.541
3.83 0.226 -0.691 1.391 0.539 -0.488 1.623 0.627 -0.349 1.688 0.412 -0.541 1.560
3.93 0.225 -0.695 1.398 0.531 -0.502 1.628 0.613 -0.337 1.688 0.444 -0.502 1.568
4.03 0.219 -0.706 1.394 0.514 -0.520 1.617 0.619 -0.331 1.700 0.467 -0.468 1.603
4.13 0.217 -0.709 1.381 0.511 -0.532 1.608 0.610 -0.340 1.708 0.482 -0.478 1.616
4.23 0.213 -0.719 1.376 0.506 -0.543 1.600 0.611 -0.359 1.712 0.517 -0.482 1.640
4.34 0.199 -0.723 1.372 0.500 -0.553 1.602 0.626 -0.387 1.716 0.525 -0.490 1.646
4.44 0.193 -0.731 1.369 0.485 -0.564 1.598 0.632 -0.398 1.728 0.508 -0.518 1.660
4.54 0.190 -0.736 1.377 0.473 -0.566 1.611 0.640 -0.402 1.716 0.490 -0.543 1.669
4.64 0.191 -0.735 1.386 0.460 -0.569 1.617 0.648 -0.410 1.728 0.487 -0.529 1.668
4.74 0.194 -0.733 1.393 0.451 -0.575 1.617 0.650 -0.419 1.737 0.503 -0.516 1.673
4.85 0.199 -0.733 1.396 0.449 -0.587 1.610 0.643 -0.429 1.738 0.547 -0.516 1.693
4.95 0.206 -0.737 1.390 0.459 -0.607 1.594 0.625 -0.443 1.725 0.627 -0.541 1.735
