# Nelson+ (2020) http://arxiv.org/abs/xxxx.xxxxx
# Figure 10: stacked radial profiles of cloud property [cellsize_kpc = Gas Cell Size [ log kpc ]]
# TNG50-1 (z = 0.5) haloID = 8 (nClouds stacked = 924, 764, 303, 133)
radius [pkpc], quantity [r_cloud=0.5] p50, p16, p84, quantity [r_cloud=1.0] p50, p16, p84, quantity [r_cloud=1.5] p50, p16, p84, quantity [r_cloud=2.0] p50, p16, p84

0.05 -0.297 -0.336 -0.258 -0.512 -0.684 -0.361 -0.583 -0.805 -0.449 -0.565 -0.678 -0.409
0.15 -0.395 -0.542 -0.275 -0.470 -0.642 -0.328 -0.544 -0.736 -0.393 -0.557 -0.757 -0.398
0.25 -0.418 -0.612 -0.264 -0.432 -0.604 -0.298 -0.511 -0.687 -0.352 -0.549 -0.784 -0.390
0.36 -0.387 -0.584 -0.236 -0.397 -0.568 -0.270 -0.481 -0.654 -0.321 -0.540 -0.774 -0.382
0.46 -0.325 -0.498 -0.197 -0.365 -0.533 -0.244 -0.455 -0.630 -0.298 -0.530 -0.740 -0.372
0.56 -0.262 -0.401 -0.162 -0.336 -0.497 -0.221 -0.430 -0.609 -0.282 -0.517 -0.694 -0.362
0.66 -0.223 -0.346 -0.127 -0.307 -0.462 -0.196 -0.403 -0.579 -0.258 -0.495 -0.669 -0.331
0.76 -0.196 -0.309 -0.106 -0.281 -0.436 -0.168 -0.384 -0.558 -0.242 -0.475 -0.639 -0.313
0.87 -0.188 -0.302 -0.096 -0.255 -0.407 -0.141 -0.361 -0.530 -0.224 -0.452 -0.611 -0.293
0.97 -0.192 -0.309 -0.090 -0.231 -0.380 -0.119 -0.335 -0.506 -0.203 -0.431 -0.593 -0.273
1.07 -0.189 -0.313 -0.083 -0.212 -0.358 -0.096 -0.312 -0.483 -0.180 -0.414 -0.580 -0.257
1.17 -0.186 -0.315 -0.075 -0.194 -0.341 -0.075 -0.290 -0.461 -0.159 -0.399 -0.576 -0.239
1.27 -0.187 -0.322 -0.070 -0.177 -0.326 -0.058 -0.272 -0.442 -0.138 -0.385 -0.563 -0.226
1.38 -0.187 -0.326 -0.063 -0.164 -0.308 -0.045 -0.254 -0.423 -0.118 -0.373 -0.559 -0.213
1.48 -0.185 -0.329 -0.057 -0.153 -0.294 -0.031 -0.237 -0.406 -0.097 -0.359 -0.546 -0.199
1.58 -0.186 -0.335 -0.052 -0.141 -0.287 -0.018 -0.223 -0.399 -0.079 -0.347 -0.533 -0.185
1.68 -0.184 -0.340 -0.047 -0.131 -0.276 -0.007 -0.213 -0.395 -0.067 -0.337 -0.523 -0.170
1.78 -0.182 -0.345 -0.044 -0.125 -0.271 -0.000 -0.202 -0.391 -0.054 -0.326 -0.514 -0.160
1.89 -0.181 -0.349 -0.040 -0.119 -0.266 0.008 -0.191 -0.390 -0.043 -0.317 -0.507 -0.147
1.99 -0.178 -0.353 -0.034 -0.112 -0.262 0.017 -0.183 -0.390 -0.032 -0.305 -0.496 -0.133
2.09 -0.177 -0.359 -0.030 -0.106 -0.254 0.025 -0.173 -0.380 -0.021 -0.290 -0.481 -0.115
2.19 -0.177 -0.363 -0.024 -0.100 -0.246 0.033 -0.163 -0.367 -0.012 -0.282 -0.473 -0.104
2.29 -0.177 -0.369 -0.019 -0.094 -0.244 0.040 -0.153 -0.351 0.000 -0.270 -0.460 -0.088
2.40 -0.181 -0.380 -0.017 -0.088 -0.243 0.045 -0.143 -0.342 0.009 -0.259 -0.447 -0.073
2.50 -0.185 -0.393 -0.015 -0.084 -0.248 0.050 -0.136 -0.328 0.015 -0.249 -0.440 -0.059
2.60 -0.188 -0.406 -0.014 -0.085 -0.254 0.052 -0.124 -0.312 0.023 -0.238 -0.433 -0.051
2.70 -0.193 -0.420 -0.014 -0.084 -0.259 0.057 -0.115 -0.301 0.030 -0.226 -0.422 -0.040
2.81 -0.197 -0.433 -0.012 -0.084 -0.264 0.059 -0.108 -0.293 0.040 -0.214 -0.415 -0.032
2.91 -0.201 -0.445 -0.011 -0.083 -0.267 0.065 -0.099 -0.280 0.048 -0.204 -0.409 -0.017
3.01 -0.205 -0.457 -0.010 -0.081 -0.273 0.069 -0.089 -0.268 0.056 -0.195 -0.404 -0.009
3.11 -0.205 -0.460 -0.010 -0.082 -0.283 0.071 -0.082 -0.261 0.064 -0.189 -0.394 0.003
3.21 -0.207 -0.467 -0.008 -0.083 -0.292 0.073 -0.077 -0.254 0.070 -0.178 -0.385 0.014
3.32 -0.209 -0.472 -0.006 -0.083 -0.301 0.076 -0.071 -0.247 0.078 -0.167 -0.377 0.021
3.42 -0.210 -0.476 -0.004 -0.084 -0.312 0.079 -0.067 -0.241 0.084 -0.158 -0.371 0.028
3.52 -0.212 -0.480 -0.002 -0.088 -0.324 0.081 -0.064 -0.243 0.090 -0.151 -0.364 0.035
3.62 -0.214 -0.485 -0.000 -0.088 -0.333 0.082 -0.060 -0.245 0.096 -0.145 -0.362 0.040
3.72 -0.217 -0.489 0.001 -0.088 -0.341 0.087 -0.057 -0.247 0.100 -0.139 -0.363 0.045
3.83 -0.220 -0.495 0.001 -0.089 -0.352 0.087 -0.049 -0.248 0.106 -0.128 -0.359 0.051
3.93 -0.220 -0.493 0.001 -0.092 -0.361 0.089 -0.048 -0.253 0.107 -0.120 -0.357 0.059
4.03 -0.222 -0.496 0.001 -0.094 -0.376 0.091 -0.048 -0.254 0.107 -0.109 -0.356 0.067
4.13 -0.224 -0.498 0.001 -0.095 -0.388 0.093 -0.049 -0.257 0.111 -0.102 -0.351 0.069
4.23 -0.226 -0.502 0.003 -0.099 -0.401 0.093 -0.051 -0.263 0.111 -0.096 -0.352 0.077
4.34 -0.227 -0.507 0.003 -0.103 -0.411 0.094 -0.051 -0.273 0.115 -0.095 -0.354 0.082
4.44 -0.229 -0.513 0.004 -0.104 -0.420 0.094 -0.048 -0.276 0.119 -0.098 -0.357 0.084
4.54 -0.232 -0.518 0.004 -0.107 -0.425 0.095 -0.046 -0.280 0.123 -0.100 -0.364 0.087
4.64 -0.234 -0.522 0.006 -0.111 -0.431 0.094 -0.041 -0.284 0.127 -0.102 -0.369 0.093
4.74 -0.235 -0.525 0.008 -0.115 -0.438 0.092 -0.039 -0.286 0.130 -0.103 -0.371 0.099
4.85 -0.235 -0.527 0.009 -0.118 -0.446 0.091 -0.041 -0.287 0.129 -0.099 -0.369 0.102
4.95 -0.235 -0.528 0.008 -0.120 -0.456 0.090 -0.048 -0.285 0.126 -0.090 -0.364 0.102
