# Nelson+ (2020) http://arxiv.org/abs/xxxx.xxxxx
# Figure 5 Right Panel N_MgII [log cm^-2] (TNG50-1 z=0.5)
# Halo Mass Bin [12.8 - 13.2]
# rad_logpkpc N_total N_total_err0 N_total_err1 N_self N_self_err0 N_self_err1 N_other N_other_err0 N_other_err1
  0.0048  16.2713  15.1984  17.6983 16.2713  15.1984  17.6983  2.2808  -2.1256   6.9941
  0.0402  16.2706  15.1775  17.7168 16.2706  15.1775  17.7168  2.6479  -0.5848   7.9481
  0.0755  16.2828  15.5307  17.7655 16.2828  15.5310  17.7655  2.8665  -0.2067   8.9700
  0.1109  16.3266  15.7758  17.7912 16.3266  15.7749  17.7912  3.4538  -0.8700  10.2327
  0.1462  16.5323  15.8860  17.8061 16.5323  15.8842  17.8061  2.8735  -0.8538   9.4294
  0.1816  16.8380  15.9668  17.7961 16.8380  15.9645  17.7961  3.2480   1.1093   9.8685
  0.2169  17.1719  16.0030  17.7968 17.1719  16.0022  17.7968  3.8459   1.0679   9.7760
  0.2523  17.3984  16.0371  17.7916 17.3984  16.0357  17.7916  4.4142   1.0259  11.3564
  0.2876  17.5120  16.0882  17.7873 17.5120  16.0871  17.7873  4.0680   1.2983  11.1303
  0.3230  17.5260  16.0757  17.8058 17.5260  16.0749  17.8058  3.9165   2.3471  11.3477
  0.3583  17.5146  16.1048  17.8582 17.5146  16.1050  17.8582  4.0712   2.2130  11.3683
  0.3937  17.5021  16.1927  17.8906 17.5021  16.1927  17.8906  4.6507   2.5461  11.4536
  0.4291  17.4257  16.2746  17.8829 17.4257  16.2746  17.8829  5.2232   2.7388  11.6848
  0.4644  17.3162  16.2850  17.8570 17.3162  16.2850  17.8570  5.4314   2.8846  11.8119
  0.4998  17.2425  16.2748  17.8450 17.2425  16.2747  17.8450  5.3272   2.8245  10.9930
  0.5351  17.2041  16.3267  17.8320 17.2041  16.3266  17.8320  5.1910   2.8231  10.4048
  0.5705  17.1576  16.4089  17.8129 17.1576  16.4089  17.8129  5.4989   2.8762  10.8444
  0.6058  17.1283  16.5845  17.7740 17.1283  16.5845  17.7740  5.8166   3.3326  11.3394
  0.6412  17.1663  16.7458  17.7253 17.1663  16.7458  17.7253  5.7172   3.3200  11.0131
  0.6765  17.1480  16.8082  17.6734 17.1480  16.8082  17.6734  5.4853   3.1278   9.6135
  0.7119  17.1629  16.7538  17.6262 17.1629  16.7538  17.6262  5.6452   2.8285   8.3892
  0.7472  17.1314  16.7068  17.5822 17.1314  16.7068  17.5822  5.8431   2.9734   7.3631
  0.7826  17.1124  16.6318  17.5498 17.1124  16.6318  17.5498  6.0084   3.1656   8.7213
  0.8179  17.0233  16.5153  17.5579 17.0233  16.5153  17.5579  5.9071   3.2509   9.2684
  0.8533  16.9274  16.3597  17.5741 16.9274  16.3597  17.5741  5.9465   3.4293  10.2265
  0.8886  16.8954  16.2462  17.5759 16.8954  16.2462  17.5759  6.0611   3.3892  10.6399
  0.9240  16.9467  16.2071  17.5311 16.9467  16.2071  17.5311  6.0526   3.3322  12.0249
  0.9594  17.0018  16.1835  17.4691 17.0018  16.1835  17.4691  6.1578   3.2778  12.1638
  0.9947  16.9594  16.1285  17.3552 16.9594  16.1285  17.3552  6.5830   3.4141  12.1281
  1.0301  16.8604  16.0448  17.2243 16.8604  16.0448  17.2243  6.5986   3.3916  11.8263
  1.0654  16.8304  15.9600  17.0916 16.8304  15.9600  17.0916  6.4813   3.5212  11.7516
  1.1008  16.7690  15.8920  17.0177 16.7690  15.8920  17.0177  6.5506   3.8367  11.9315
  1.1361  16.6967  15.8905  16.9588 16.6967  15.8905  16.9588  6.9029   3.7863  11.8243
  1.1715  16.5815  15.8956  16.8726 16.5815  15.8956  16.8726  6.8737   3.6642  11.6592
  1.2068  16.4651  15.8287  16.8057 16.4650  15.8287  16.8061  6.9739   3.5419  11.5583
  1.2422  16.2815  15.7019  16.7491 16.2812  15.7019  16.7477  6.9364   3.5500  11.9117
  1.2775  16.0614  15.5337  16.6463 16.0611  15.5336  16.6444  6.8891   3.5902  12.1146
  1.3129  15.9779  15.3613  16.5191 15.9777  15.3612  16.5178  6.8803   3.6814  12.1146
  1.3482  15.9351  15.1908  16.4395 15.9352  15.1908  16.4398  6.9643   3.5725  11.8221
  1.3836  15.8539  15.0620  16.3378 15.8537  15.0620  16.3378  7.0605   3.4928  11.6246
  1.4189  15.6858  15.0037  16.2110 15.6855  15.0040  16.2110  6.9950   4.0660  11.7608
  1.4543  15.5070  14.9222  16.1593 15.5067  14.9213  16.1593  6.8850   4.2039  11.8855
  1.4897  15.3943  14.8633  16.1330 15.3941  14.8616  16.1330  6.8906   4.8853  12.0996
  1.5250  15.4372  14.7957  16.0263 15.4370  14.7941  16.0263  8.4588   5.2715  12.1490
  1.5604  15.4788  14.7939  15.8983 15.4786  14.7937  15.8983  9.7243   5.8128  12.1054
  1.5957  15.5103  14.7591  15.8452 15.5102  14.7591  15.8452 10.6323   5.4930  11.9800
  1.6311  15.4408  14.7124  15.8470 15.4412  14.7123  15.8470 10.4457   5.6614  11.8891
  1.6664  15.3494  14.5574  15.8136 15.3469  14.5574  15.8135 10.7907   5.8379  12.0307
  1.7018  15.1342  14.4180  15.7899 15.1307  14.4180  15.7899 10.4411   5.8932  12.2116
  1.7371  14.9812  14.4343  15.7741 14.9788  14.4343  15.7741 10.3358   5.9817  12.2030
  1.7725  14.8639  14.4891  15.7999 14.8645  14.4891  15.7999 10.3314   5.9357  12.1044
  1.8078  14.7462  14.4328  15.6833 14.7450  14.4328  15.6834 10.5673   7.4163  12.2300
  1.8432  14.6467  14.3186  15.4089 14.6426  14.3184  15.4091 10.8801   9.3104  12.4981
  1.8785  14.5028  14.1749  15.2283 14.4988  14.1743  15.2272 11.2226   9.8215  12.5689
  1.9139  14.4220  14.0626  15.1374 14.4203  14.0623  15.1358 11.3893   8.0983  12.4385
  1.9493  14.3963  14.0063  14.9547 14.3974  14.0046  14.9529 11.1898   7.3873  12.3285
  1.9846  14.4003  14.0862  14.7446 14.3980  14.0832  14.7427 11.0639   7.4979  12.2616
  2.0200  14.3139  14.0659  14.6920 14.3094  14.0631  14.6877 11.2249   8.8802  12.3450
  2.0553  14.2393  13.9756  14.7804 14.2358  13.9746  14.7724 11.4473   9.9453  12.4015
  2.0907  14.3342  13.8381  14.7693 14.3286  13.8377  14.7583 11.5710  10.8215  12.5274
  2.1260  14.3956  13.7587  14.7747 14.3882  13.7580  14.7630 11.5220  10.5882  12.4499
  2.1614  14.3000  13.7513  14.7565 14.2947  13.7511  14.7491 11.5405  10.6792  12.4308
  2.1967  14.0627  13.6981  14.7592 14.0618  13.6945  14.7566 11.5803  10.7553  12.3247
  2.2321  13.9154  13.4865  14.5819 13.9140  13.4862  14.5962 11.7448  10.8623  12.4033
  2.2674  13.9475  13.1655  14.6362 13.9447  13.0386  14.5843 11.8158  11.0622  12.4828
  2.3028  14.0127  13.0244  14.8282 14.0190  12.8650  14.6820 11.8815  11.0903  12.8099
  2.3381  14.0375  13.0222  14.8251 14.0024  12.9288  14.6836 11.9589  11.1023  12.8995
  2.3735  13.9033  13.1441  14.4326 13.8709  13.1448  14.3936 12.0296  11.2587  12.7776
  2.4088  13.8001  13.1332  14.2591 13.7120  13.0079  14.2944 12.0878  11.3836  13.0484
  2.4442  13.5684  12.8257  14.1028 13.4185  12.5710  13.9864 12.1096  11.3750  13.2392
  2.4796  13.3722  12.4809  14.1028 13.0222  12.1638  13.9496 12.0282  11.4137  13.0768
  2.5149  13.2494  12.3936  14.0583 12.7460  11.7305  13.9303 12.0785  11.4947  12.7529
  2.5503  13.0976  12.3300  13.8943 12.6557  11.6146  13.8564 12.0056  11.5845  12.7747
  2.5856  13.0548  12.2863  13.7369 12.7798  11.5727  13.6088 12.0730  11.5747  12.9347
  2.6210  13.2561  12.5700  13.8571 12.9047  11.6518  13.7365 12.1662  11.5186  13.2231
  2.6563  13.2673  12.5150  14.0151 12.7149  10.7382  13.9665 12.3301  11.4120  13.2767
  2.6917  13.0251  12.3249  14.0412 12.5498   9.9533  13.6942 12.1191  11.2679  13.1867
  2.7270  12.7651  11.9272  14.0997 12.2943   8.1596  13.8490 12.0309  11.2803  12.9321
  2.7624  12.8967  11.9710  14.2786 12.1263   8.4371  13.8547 12.3443  11.5325  13.4375
  2.7977  13.1045  11.7905  14.3853 11.6039   7.6486  14.0012 12.8155  11.5404  13.7748
  2.8331  13.3827  11.9339  14.3001 11.4969   8.9312  13.7703 12.9981  11.4906  14.1395
  2.8684  12.8792  11.6703  13.9847 11.4568   8.7146  13.6020 12.5493  11.2396  13.8184
  2.9038  12.4486  11.9058  13.8690 12.0968  11.2071  13.3998 12.2697  11.5747  13.7661
  2.9392  12.3806  12.0961  13.9712 12.5664  10.4436  13.6668 12.2771  11.8519  13.7502
  2.9745  12.8441  11.6532  13.8597 12.1457   5.0964  14.1646 12.5176  11.6577  13.7925
