# Nelson+ (2020) http://arxiv.org/abs/xxxx.xxxxx
# Figure 10: stacked radial profiles of cloud property [H I numdens = n$_{\rm HI}$ [ log cm$^{-3}$ ]]
# TNG50-1 (z = 0.5) haloID = 8 (nClouds stacked = 924, 764, 303, 133)
radius [pkpc], quantity [r_cloud=0.5] p50, p16, p84, quantity [r_cloud=1.0] p50, p16, p84, quantity [r_cloud=1.5] p50, p16, p84, quantity [r_cloud=2.0] p50, p16, p84

0.05 -3.108 -4.012 -2.475 -2.100 -2.982 -1.372 -1.513 -2.497 -1.174 -1.744 -2.424 -1.354
0.15 -2.582 -4.875 -1.651 -2.206 -2.973 -1.425 -1.701 -2.771 -1.230 -1.694 -2.494 -1.228
0.25 -2.836 -5.766 -1.467 -2.353 -3.233 -1.520 -1.866 -2.974 -1.291 -1.695 -2.551 -1.179
0.36 -3.605 -6.630 -1.739 -2.544 -3.707 -1.649 -2.015 -3.142 -1.359 -1.736 -2.610 -1.188
0.46 -4.627 -7.409 -2.284 -2.784 -4.343 -1.806 -2.155 -3.306 -1.435 -1.807 -2.691 -1.238
0.56 -5.541 -8.042 -2.878 -3.103 -5.073 -1.997 -2.297 -3.443 -1.518 -1.873 -2.740 -1.300
0.66 -6.093 -8.428 -3.289 -3.426 -5.880 -2.180 -2.442 -3.826 -1.627 -2.001 -3.090 -1.372
0.76 -6.281 -8.504 -3.521 -3.811 -6.684 -2.334 -2.566 -4.237 -1.714 -2.090 -3.321 -1.447
0.87 -6.367 -8.648 -3.570 -4.271 -7.390 -2.536 -2.731 -4.735 -1.808 -2.186 -3.547 -1.533
0.97 -6.368 -8.735 -3.402 -4.798 -7.895 -2.753 -2.950 -5.344 -1.921 -2.284 -3.839 -1.593
1.07 -6.372 -8.832 -3.334 -5.265 -8.221 -2.946 -3.172 -6.027 -2.036 -2.376 -4.228 -1.647
1.17 -6.403 -8.908 -3.275 -5.722 -8.511 -3.143 -3.435 -6.647 -2.148 -2.452 -4.688 -1.675
1.27 -6.351 -8.931 -3.147 -6.076 -8.715 -3.321 -3.727 -7.153 -2.240 -2.551 -5.180 -1.712
1.38 -6.335 -8.994 -3.126 -6.413 -8.855 -3.538 -3.986 -7.472 -2.324 -2.625 -5.548 -1.725
1.48 -6.352 -9.040 -3.094 -6.666 -9.004 -3.736 -4.319 -7.819 -2.434 -2.737 -6.020 -1.780
1.58 -6.408 -9.094 -3.043 -6.867 -9.136 -3.865 -4.583 -8.020 -2.469 -2.841 -6.261 -1.827
1.68 -6.485 -9.146 -3.038 -7.065 -9.247 -4.001 -4.781 -8.162 -2.500 -2.932 -6.503 -1.872
1.78 -6.473 -9.179 -3.011 -7.234 -9.338 -4.065 -5.013 -8.342 -2.541 -3.056 -6.782 -1.908
1.89 -6.480 -9.224 -3.006 -7.351 -9.430 -4.090 -5.248 -8.535 -2.564 -3.159 -7.119 -1.951
1.99 -6.537 -9.286 -2.989 -7.516 -9.554 -4.105 -5.485 -8.709 -2.619 -3.319 -7.465 -1.987
2.09 -6.528 -9.336 -2.913 -7.604 -9.649 -4.110 -5.741 -8.916 -2.717 -3.574 -7.779 -2.037
2.19 -6.510 -9.382 -2.837 -7.747 -9.760 -4.169 -5.955 -9.058 -2.838 -3.746 -7.964 -2.079
2.29 -6.494 -9.441 -2.778 -7.817 -9.852 -4.205 -6.217 -9.253 -3.006 -3.959 -8.215 -2.145
2.40 -6.469 -9.476 -2.682 -7.891 -9.922 -4.263 -6.453 -9.387 -3.122 -4.202 -8.315 -2.218
2.50 -6.407 -9.489 -2.580 -7.937 -9.958 -4.274 -6.612 -9.490 -3.255 -4.422 -8.552 -2.271
2.60 -6.324 -9.488 -2.510 -7.956 -9.979 -4.229 -6.834 -9.617 -3.392 -4.621 -8.690 -2.311
2.70 -6.225 -9.482 -2.432 -7.983 -10.020 -4.170 -7.070 -9.724 -3.457 -4.843 -8.842 -2.367
2.81 -6.165 -9.506 -2.383 -8.018 -10.055 -4.114 -7.235 -9.802 -3.564 -5.083 -8.990 -2.384
2.91 -6.069 -9.516 -2.316 -8.067 -10.099 -4.031 -7.395 -9.921 -3.637 -5.390 -9.138 -2.402
3.01 -5.994 -9.517 -2.246 -8.089 -10.157 -3.936 -7.582 -10.001 -3.801 -5.645 -9.261 -2.458
3.11 -5.936 -9.535 -2.217 -8.065 -10.186 -3.815 -7.704 -10.093 -3.915 -5.950 -9.390 -2.504
3.21 -5.887 -9.544 -2.163 -8.093 -10.221 -3.752 -7.866 -10.172 -4.060 -6.278 -9.533 -2.586
3.32 -5.831 -9.564 -2.128 -8.081 -10.235 -3.674 -8.004 -10.211 -4.122 -6.513 -9.658 -2.669
3.42 -5.805 -9.588 -2.105 -8.112 -10.264 -3.607 -8.121 -10.275 -4.163 -6.654 -9.765 -2.722
3.52 -5.764 -9.611 -2.086 -8.088 -10.283 -3.515 -8.224 -10.332 -4.144 -6.801 -9.857 -2.778
3.62 -5.750 -9.637 -2.071 -8.074 -10.285 -3.472 -8.265 -10.358 -4.145 -6.904 -9.941 -2.815
3.72 -5.699 -9.657 -2.049 -8.069 -10.316 -3.397 -8.334 -10.378 -4.127 -6.987 -10.042 -2.841
3.83 -5.669 -9.656 -2.034 -8.017 -10.341 -3.274 -8.455 -10.386 -4.153 -7.143 -10.106 -2.901
3.93 -5.637 -9.662 -2.034 -7.982 -10.351 -3.181 -8.485 -10.402 -4.099 -7.355 -10.165 -2.892
4.03 -5.621 -9.673 -2.019 -7.966 -10.354 -3.063 -8.533 -10.418 -4.057 -7.602 -10.263 -2.913
4.13 -5.605 -9.678 -2.006 -7.949 -10.353 -2.971 -8.580 -10.429 -4.008 -7.719 -10.290 -2.994
4.23 -5.600 -9.678 -1.990 -7.925 -10.362 -2.878 -8.575 -10.467 -3.936 -7.866 -10.333 -3.001
4.34 -5.529 -9.685 -1.965 -7.890 -10.369 -2.790 -8.589 -10.495 -3.835 -7.960 -10.363 -2.975
4.44 -5.478 -9.682 -1.939 -7.858 -10.366 -2.736 -8.601 -10.512 -3.818 -7.958 -10.374 -2.985
4.54 -5.409 -9.685 -1.919 -7.788 -10.376 -2.691 -8.617 -10.530 -3.800 -7.928 -10.377 -2.969
4.64 -5.354 -9.692 -1.908 -7.716 -10.376 -2.646 -8.644 -10.550 -3.746 -7.935 -10.384 -2.950
4.74 -5.322 -9.707 -1.896 -7.645 -10.376 -2.599 -8.672 -10.567 -3.702 -7.966 -10.406 -2.954
4.85 -5.326 -9.733 -1.879 -7.584 -10.376 -2.546 -8.701 -10.579 -3.683 -8.032 -10.453 -2.998
4.95 -5.376 -9.774 -1.852 -7.537 -10.378 -2.484 -8.727 -10.583 -3.700 -8.147 -10.536 -3.098
