# Nelson+ (2020) http://arxiv.org/abs/xxxx.xxxxx
# Figure 10: stacked radial profiles of cloud property [z_solar = Gas Metallicity [ log Z$_{\rm sun}$ ]]
# TNG50-1 (z = 0.5) haloID = 8 (nClouds stacked = 924, 764, 303, 133)
radius [pkpc], quantity [r_cloud=0.5] p50, p16, p84, quantity [r_cloud=1.0] p50, p16, p84, quantity [r_cloud=1.5] p50, p16, p84, quantity [r_cloud=2.0] p50, p16, p84

0.05 -0.425 -0.618 -0.162 -0.233 -0.457 -0.078 -0.180 -0.493 0.085 -0.384 -0.496 -0.154
0.15 -0.287 -0.891 -0.106 -0.276 -0.515 -0.093 -0.232 -0.505 -0.020 -0.367 -0.569 -0.124
0.25 -0.238 -1.026 -0.084 -0.299 -0.550 -0.102 -0.260 -0.506 -0.079 -0.351 -0.601 -0.111
0.36 -0.254 -1.058 -0.086 -0.309 -0.566 -0.106 -0.273 -0.500 -0.102 -0.336 -0.603 -0.111
0.46 -0.308 -1.020 -0.102 -0.310 -0.571 -0.107 -0.275 -0.492 -0.102 -0.323 -0.587 -0.118
0.56 -0.364 -0.984 -0.115 -0.304 -0.567 -0.110 -0.274 -0.487 -0.093 -0.312 -0.565 -0.130
0.66 -0.402 -0.876 -0.126 -0.310 -0.570 -0.109 -0.280 -0.501 -0.102 -0.308 -0.557 -0.126
0.76 -0.437 -0.848 -0.136 -0.310 -0.580 -0.112 -0.285 -0.504 -0.110 -0.306 -0.548 -0.121
0.87 -0.441 -0.847 -0.138 -0.315 -0.587 -0.111 -0.291 -0.509 -0.118 -0.307 -0.544 -0.123
0.97 -0.444 -0.900 -0.138 -0.321 -0.598 -0.112 -0.295 -0.512 -0.119 -0.305 -0.546 -0.126
1.07 -0.442 -0.902 -0.139 -0.323 -0.598 -0.111 -0.300 -0.519 -0.120 -0.302 -0.544 -0.129
1.17 -0.444 -0.901 -0.141 -0.323 -0.610 -0.110 -0.302 -0.515 -0.118 -0.299 -0.544 -0.125
1.27 -0.450 -0.907 -0.144 -0.326 -0.623 -0.109 -0.307 -0.515 -0.115 -0.300 -0.550 -0.124
1.38 -0.448 -0.897 -0.140 -0.325 -0.626 -0.108 -0.309 -0.521 -0.109 -0.300 -0.554 -0.123
1.48 -0.452 -0.894 -0.140 -0.330 -0.630 -0.109 -0.317 -0.533 -0.112 -0.304 -0.566 -0.123
1.58 -0.449 -0.894 -0.137 -0.339 -0.641 -0.112 -0.319 -0.537 -0.114 -0.308 -0.570 -0.126
1.68 -0.438 -0.891 -0.132 -0.346 -0.643 -0.113 -0.321 -0.537 -0.115 -0.316 -0.576 -0.129
1.78 -0.438 -0.892 -0.133 -0.351 -0.649 -0.111 -0.325 -0.552 -0.110 -0.314 -0.576 -0.128
1.89 -0.435 -0.887 -0.134 -0.352 -0.642 -0.112 -0.327 -0.566 -0.108 -0.306 -0.577 -0.128
1.99 -0.433 -0.881 -0.134 -0.351 -0.642 -0.112 -0.330 -0.574 -0.107 -0.305 -0.582 -0.128
2.09 -0.433 -0.883 -0.136 -0.352 -0.643 -0.107 -0.336 -0.594 -0.105 -0.300 -0.586 -0.131
2.19 -0.433 -0.875 -0.135 -0.347 -0.638 -0.104 -0.337 -0.605 -0.098 -0.297 -0.591 -0.132
2.29 -0.434 -0.875 -0.133 -0.346 -0.642 -0.100 -0.340 -0.618 -0.099 -0.305 -0.598 -0.133
2.40 -0.426 -0.869 -0.127 -0.347 -0.649 -0.102 -0.338 -0.613 -0.099 -0.306 -0.601 -0.134
2.50 -0.417 -0.864 -0.121 -0.347 -0.654 -0.099 -0.338 -0.611 -0.102 -0.315 -0.602 -0.132
2.60 -0.417 -0.864 -0.119 -0.345 -0.660 -0.095 -0.336 -0.611 -0.103 -0.314 -0.605 -0.126
2.70 -0.413 -0.865 -0.116 -0.343 -0.657 -0.092 -0.338 -0.605 -0.109 -0.314 -0.605 -0.124
2.81 -0.407 -0.858 -0.113 -0.337 -0.654 -0.087 -0.338 -0.603 -0.112 -0.314 -0.605 -0.122
2.91 -0.404 -0.854 -0.111 -0.337 -0.647 -0.079 -0.342 -0.607 -0.110 -0.308 -0.606 -0.125
3.01 -0.398 -0.846 -0.105 -0.336 -0.641 -0.078 -0.341 -0.601 -0.105 -0.313 -0.604 -0.127
3.11 -0.396 -0.842 -0.102 -0.334 -0.634 -0.076 -0.338 -0.603 -0.102 -0.320 -0.601 -0.129
3.21 -0.393 -0.838 -0.096 -0.330 -0.632 -0.076 -0.333 -0.601 -0.100 -0.319 -0.595 -0.130
3.32 -0.393 -0.831 -0.094 -0.328 -0.631 -0.073 -0.330 -0.606 -0.101 -0.327 -0.596 -0.129
3.42 -0.394 -0.832 -0.097 -0.327 -0.633 -0.069 -0.326 -0.597 -0.100 -0.323 -0.605 -0.121
3.52 -0.396 -0.831 -0.100 -0.323 -0.637 -0.063 -0.332 -0.592 -0.101 -0.323 -0.618 -0.116
3.62 -0.395 -0.828 -0.103 -0.322 -0.636 -0.064 -0.334 -0.600 -0.101 -0.317 -0.620 -0.115
3.72 -0.396 -0.825 -0.105 -0.324 -0.634 -0.065 -0.337 -0.600 -0.100 -0.313 -0.626 -0.115
3.83 -0.393 -0.819 -0.103 -0.324 -0.635 -0.070 -0.341 -0.598 -0.103 -0.312 -0.620 -0.118
3.93 -0.395 -0.819 -0.106 -0.319 -0.627 -0.071 -0.343 -0.599 -0.103 -0.310 -0.624 -0.116
4.03 -0.394 -0.817 -0.105 -0.314 -0.625 -0.073 -0.343 -0.600 -0.105 -0.309 -0.617 -0.113
4.13 -0.394 -0.813 -0.105 -0.311 -0.626 -0.074 -0.344 -0.601 -0.108 -0.308 -0.622 -0.108
4.23 -0.393 -0.813 -0.107 -0.306 -0.625 -0.073 -0.347 -0.595 -0.109 -0.300 -0.621 -0.097
4.34 -0.392 -0.811 -0.107 -0.302 -0.624 -0.070 -0.352 -0.594 -0.108 -0.298 -0.632 -0.097
4.44 -0.391 -0.806 -0.108 -0.301 -0.619 -0.072 -0.352 -0.593 -0.109 -0.294 -0.619 -0.089
4.54 -0.391 -0.806 -0.107 -0.303 -0.620 -0.074 -0.350 -0.591 -0.107 -0.292 -0.616 -0.088
4.64 -0.389 -0.803 -0.106 -0.304 -0.618 -0.072 -0.350 -0.588 -0.105 -0.291 -0.611 -0.082
4.74 -0.387 -0.801 -0.106 -0.304 -0.617 -0.070 -0.350 -0.589 -0.103 -0.288 -0.603 -0.069
4.85 -0.384 -0.801 -0.105 -0.303 -0.617 -0.068 -0.350 -0.593 -0.100 -0.281 -0.591 -0.044
4.95 -0.380 -0.802 -0.104 -0.300 -0.620 -0.066 -0.351 -0.603 -0.096 -0.267 -0.574 -0.005
