# Nelson+ (2020) http://arxiv.org/abs/xxxx.xxxxx
# Figure 10: stacked radial profiles of cloud property [tcool_tff = log ( t$_{\rm cool}$ / t$_{\rm ff}$ )]
# TNG50-1 (z = 0.5) haloID = 8 (nClouds stacked = 924, 764, 303, 133)
radius [pkpc], quantity [r_cloud=0.5] p50, p16, p84, quantity [r_cloud=1.0] p50, p16, p84, quantity [r_cloud=1.5] p50, p16, p84, quantity [r_cloud=2.0] p50, p16, p84

0.05 -3.003 -3.759 -2.262 -2.954 -3.320 -2.520 -2.709 -3.078 -1.904 -3.207 -3.401 -3.109
0.15 -3.252 -4.168 -2.477 -3.008 -3.602 -2.384 -2.749 -3.469 -1.991 -2.876 -3.492 -2.355
0.25 -3.267 -4.221 -2.485 -3.031 -3.750 -2.311 -2.800 -3.683 -2.069 -2.733 -3.563 -1.990
0.36 -3.117 -4.024 -2.343 -3.028 -3.794 -2.281 -2.853 -3.764 -2.134 -2.724 -3.618 -1.907
0.46 -2.871 -3.687 -2.108 -3.003 -3.764 -2.271 -2.900 -3.758 -2.181 -2.796 -3.659 -2.002
0.56 -2.621 -3.376 -1.839 -2.977 -3.712 -2.280 -2.919 -3.705 -2.187 -2.884 -3.686 -2.159
0.66 -2.447 -3.146 -1.640 -2.918 -3.636 -2.223 -2.915 -3.709 -2.198 -2.887 -3.699 -2.181
0.76 -2.329 -3.001 -1.482 -2.838 -3.557 -2.106 -2.910 -3.736 -2.188 -2.889 -3.721 -2.196
0.87 -2.263 -2.960 -1.360 -2.745 -3.475 -1.949 -2.883 -3.723 -2.177 -2.884 -3.743 -2.180
0.97 -2.231 -2.947 -1.300 -2.643 -3.373 -1.785 -2.835 -3.668 -2.123 -2.879 -3.713 -2.145
1.07 -2.208 -2.946 -1.248 -2.552 -3.280 -1.642 -2.794 -3.607 -2.070 -2.891 -3.686 -2.130
1.17 -2.167 -2.908 -1.192 -2.444 -3.190 -1.485 -2.752 -3.535 -2.002 -2.885 -3.681 -2.123
1.27 -2.149 -2.908 -1.152 -2.348 -3.108 -1.330 -2.705 -3.458 -1.919 -2.868 -3.660 -2.103
1.38 -2.121 -2.909 -1.091 -2.271 -3.046 -1.241 -2.646 -3.385 -1.839 -2.843 -3.650 -2.084
1.48 -2.087 -2.897 -1.054 -2.185 -2.966 -1.099 -2.582 -3.316 -1.760 -2.835 -3.633 -2.044
1.58 -2.061 -2.910 -0.999 -2.098 -2.903 -0.986 -2.529 -3.265 -1.656 -2.818 -3.615 -1.988
1.68 -2.029 -2.912 -0.950 -2.027 -2.841 -0.870 -2.469 -3.225 -1.555 -2.790 -3.603 -1.914
1.78 -2.018 -2.933 -0.924 -1.966 -2.793 -0.786 -2.420 -3.199 -1.443 -2.772 -3.600 -1.883
1.89 -2.013 -2.949 -0.882 -1.914 -2.763 -0.713 -2.373 -3.159 -1.335 -2.746 -3.592 -1.830
1.99 -1.991 -2.947 -0.826 -1.849 -2.729 -0.602 -2.318 -3.126 -1.218 -2.695 -3.592 -1.772
2.09 -1.987 -2.970 -0.780 -1.805 -2.700 -0.502 -2.261 -3.090 -1.083 -2.619 -3.557 -1.696
2.19 -1.971 -2.980 -0.732 -1.751 -2.668 -0.397 -2.216 -3.067 -0.993 -2.594 -3.561 -1.644
2.29 -1.951 -2.982 -0.690 -1.706 -2.629 -0.288 -2.162 -3.016 -0.871 -2.561 -3.539 -1.517
2.40 -1.944 -3.012 -0.638 -1.651 -2.605 -0.220 -2.111 -2.978 -0.720 -2.528 -3.493 -1.403
2.50 -1.947 -3.033 -0.618 -1.618 -2.595 -0.157 -2.065 -2.943 -0.608 -2.497 -3.465 -1.299
2.60 -1.958 -3.049 -0.611 -1.596 -2.609 -0.128 -2.026 -2.903 -0.483 -2.453 -3.417 -1.180
2.70 -1.970 -3.082 -0.603 -1.571 -2.623 -0.087 -1.963 -2.858 -0.397 -2.392 -3.393 -1.061
2.81 -1.971 -3.111 -0.573 -1.559 -2.633 -0.070 -1.914 -2.826 -0.318 -2.340 -3.396 -0.963
2.91 -1.982 -3.148 -0.557 -1.538 -2.637 -0.046 -1.863 -2.795 -0.222 -2.270 -3.376 -0.841
3.01 -1.988 -3.169 -0.558 -1.521 -2.640 0.002 -1.800 -2.768 -0.174 -2.218 -3.353 -0.746
3.11 -1.983 -3.171 -0.550 -1.521 -2.649 0.010 -1.761 -2.725 -0.108 -2.157 -3.287 -0.618
3.21 -1.982 -3.181 -0.528 -1.509 -2.662 0.039 -1.692 -2.679 -0.034 -2.105 -3.207 -0.462
3.32 -1.980 -3.188 -0.512 -1.512 -2.678 0.063 -1.636 -2.643 0.019 -2.072 -3.157 -0.378
3.42 -1.963 -3.189 -0.486 -1.506 -2.709 0.082 -1.606 -2.627 0.079 -2.038 -3.099 -0.245
3.52 -1.955 -3.205 -0.473 -1.512 -2.739 0.108 -1.550 -2.629 0.143 -1.993 -3.088 -0.159
3.62 -1.951 -3.213 -0.447 -1.514 -2.763 0.099 -1.519 -2.642 0.196 -1.951 -3.085 -0.083
3.72 -1.952 -3.210 -0.428 -1.488 -2.759 0.124 -1.484 -2.652 0.213 -1.898 -3.087 -0.014
3.83 -1.959 -3.217 -0.426 -1.473 -2.768 0.151 -1.417 -2.644 0.219 -1.810 -3.059 0.038
3.93 -1.954 -3.214 -0.421 -1.466 -2.783 0.164 -1.397 -2.627 0.226 -1.725 -3.006 0.089
4.03 -1.958 -3.217 -0.403 -1.455 -2.795 0.186 -1.362 -2.601 0.240 -1.668 -2.964 0.164
4.13 -1.961 -3.216 -0.388 -1.453 -2.804 0.204 -1.342 -2.593 0.256 -1.660 -2.926 0.195
4.23 -1.958 -3.224 -0.370 -1.466 -2.835 0.212 -1.338 -2.596 0.278 -1.641 -2.889 0.258
4.34 -1.970 -3.235 -0.372 -1.485 -2.868 0.220 -1.311 -2.609 0.325 -1.621 -2.870 0.298
4.44 -1.971 -3.243 -0.369 -1.501 -2.896 0.215 -1.303 -2.621 0.356 -1.600 -2.864 0.314
4.54 -1.969 -3.240 -0.359 -1.508 -2.913 0.213 -1.299 -2.638 0.358 -1.601 -2.863 0.302
4.64 -1.963 -3.246 -0.350 -1.512 -2.937 0.205 -1.283 -2.662 0.377 -1.564 -2.857 0.310
4.74 -1.957 -3.248 -0.334 -1.511 -2.952 0.200 -1.258 -2.685 0.394 -1.529 -2.850 0.331
4.85 -1.954 -3.246 -0.307 -1.506 -2.953 0.202 -1.221 -2.705 0.408 -1.507 -2.841 0.369
4.95 -1.955 -3.237 -0.267 -1.495 -2.935 0.214 -1.167 -2.718 0.417 -1.507 -2.828 0.433
