# Nelson+ (2020) http://arxiv.org/abs/xxxx.xxxxx
# Figure 10: stacked radial profiles of cloud property [tcool = Gas Cooling Time [ log Gyr ]]
# TNG50-1 (z = 0.5) haloID = 8 (nClouds stacked = 924, 764, 303, 133)
radius [pkpc], quantity [r_cloud=0.5] p50, p16, p84, quantity [r_cloud=1.0] p50, p16, p84, quantity [r_cloud=1.5] p50, p16, p84, quantity [r_cloud=2.0] p50, p16, p84

0.05 -2.471 -3.248 -1.818 -2.389 -2.852 -1.952 -2.196 -2.598 -1.356 -2.633 -2.725 -2.540
0.15 -2.876 -3.738 -2.056 -2.569 -3.106 -1.995 -2.401 -3.004 -1.627 -2.504 -2.945 -1.974
0.25 -2.945 -3.828 -2.065 -2.661 -3.256 -2.004 -2.541 -3.221 -1.788 -2.467 -3.096 -1.711
0.36 -2.776 -3.635 -1.909 -2.682 -3.320 -1.982 -2.624 -3.299 -1.863 -2.494 -3.190 -1.666
0.46 -2.468 -3.278 -1.651 -2.650 -3.320 -1.933 -2.661 -3.286 -1.876 -2.558 -3.239 -1.756
0.56 -2.153 -2.927 -1.360 -2.603 -3.285 -1.880 -2.656 -3.239 -1.839 -2.627 -3.258 -1.864
0.66 -1.941 -2.673 -1.144 -2.521 -3.218 -1.795 -2.624 -3.238 -1.840 -2.630 -3.231 -1.903
0.76 -1.812 -2.489 -0.989 -2.422 -3.130 -1.646 -2.602 -3.256 -1.829 -2.651 -3.249 -1.909
0.87 -1.754 -2.443 -0.865 -2.318 -3.046 -1.481 -2.563 -3.255 -1.811 -2.643 -3.248 -1.885
0.97 -1.731 -2.436 -0.805 -2.204 -2.928 -1.311 -2.495 -3.220 -1.758 -2.622 -3.217 -1.847
1.07 -1.701 -2.444 -0.755 -2.108 -2.840 -1.164 -2.444 -3.164 -1.682 -2.603 -3.191 -1.807
1.17 -1.657 -2.415 -0.687 -1.991 -2.751 -1.004 -2.388 -3.114 -1.594 -2.602 -3.181 -1.785
1.27 -1.631 -2.436 -0.641 -1.891 -2.684 -0.861 -2.330 -3.050 -1.472 -2.575 -3.175 -1.732
1.38 -1.592 -2.435 -0.576 -1.807 -2.620 -0.779 -2.264 -3.002 -1.371 -2.557 -3.170 -1.684
1.48 -1.566 -2.429 -0.528 -1.703 -2.530 -0.652 -2.188 -2.933 -1.270 -2.520 -3.150 -1.634
1.58 -1.555 -2.430 -0.480 -1.608 -2.452 -0.547 -2.141 -2.901 -1.166 -2.497 -3.129 -1.603
1.68 -1.523 -2.427 -0.443 -1.532 -2.377 -0.450 -2.090 -2.858 -1.089 -2.468 -3.125 -1.542
1.78 -1.515 -2.443 -0.422 -1.454 -2.317 -0.376 -2.038 -2.819 -0.996 -2.452 -3.128 -1.510
1.89 -1.502 -2.453 -0.391 -1.397 -2.283 -0.298 -1.995 -2.768 -0.876 -2.417 -3.121 -1.452
1.99 -1.476 -2.446 -0.333 -1.325 -2.253 -0.181 -1.937 -2.723 -0.773 -2.379 -3.106 -1.386
2.09 -1.465 -2.480 -0.283 -1.279 -2.233 -0.091 -1.859 -2.675 -0.630 -2.295 -3.092 -1.280
2.19 -1.442 -2.488 -0.233 -1.215 -2.211 0.008 -1.789 -2.632 -0.540 -2.279 -3.104 -1.205
2.29 -1.425 -2.491 -0.182 -1.159 -2.180 0.121 -1.718 -2.574 -0.419 -2.236 -3.077 -1.081
2.40 -1.423 -2.524 -0.138 -1.105 -2.153 0.193 -1.659 -2.560 -0.317 -2.209 -3.052 -1.008
2.50 -1.420 -2.558 -0.114 -1.062 -2.135 0.232 -1.607 -2.519 -0.235 -2.162 -3.025 -0.888
2.60 -1.425 -2.574 -0.104 -1.026 -2.144 0.252 -1.561 -2.478 -0.139 -2.111 -2.983 -0.780
2.70 -1.443 -2.609 -0.104 -0.998 -2.159 0.291 -1.504 -2.426 -0.042 -2.050 -2.946 -0.704
2.81 -1.448 -2.645 -0.079 -0.992 -2.162 0.322 -1.448 -2.387 0.040 -1.995 -2.934 -0.596
2.91 -1.464 -2.686 -0.065 -0.979 -2.171 0.355 -1.373 -2.341 0.166 -1.937 -2.917 -0.466
3.01 -1.472 -2.703 -0.057 -0.970 -2.183 0.404 -1.291 -2.295 0.246 -1.880 -2.909 -0.388
3.11 -1.472 -2.703 -0.036 -0.977 -2.196 0.434 -1.254 -2.249 0.347 -1.818 -2.870 -0.281
3.21 -1.472 -2.711 -0.011 -0.961 -2.212 0.474 -1.177 -2.223 0.432 -1.752 -2.822 -0.144
3.32 -1.466 -2.717 0.016 -0.958 -2.232 0.491 -1.114 -2.190 0.490 -1.680 -2.766 -0.023
3.42 -1.449 -2.713 0.042 -0.942 -2.266 0.519 -1.066 -2.171 0.548 -1.629 -2.705 0.106
3.52 -1.448 -2.734 0.054 -0.949 -2.302 0.553 -1.010 -2.177 0.613 -1.563 -2.677 0.199
3.62 -1.448 -2.747 0.075 -0.945 -2.320 0.557 -0.971 -2.210 0.664 -1.501 -2.656 0.332
3.72 -1.455 -2.748 0.095 -0.923 -2.329 0.584 -0.922 -2.216 0.688 -1.450 -2.644 0.433
3.83 -1.457 -2.764 0.093 -0.917 -2.341 0.605 -0.856 -2.215 0.698 -1.350 -2.621 0.490
3.93 -1.451 -2.761 0.104 -0.914 -2.351 0.616 -0.843 -2.193 0.718 -1.282 -2.585 0.565
4.03 -1.449 -2.764 0.116 -0.899 -2.364 0.637 -0.809 -2.168 0.735 -1.219 -2.536 0.651
4.13 -1.454 -2.762 0.129 -0.895 -2.374 0.645 -0.788 -2.156 0.739 -1.199 -2.487 0.682
4.23 -1.451 -2.767 0.144 -0.904 -2.401 0.655 -0.783 -2.159 0.768 -1.187 -2.453 0.732
4.34 -1.466 -2.780 0.143 -0.916 -2.418 0.671 -0.760 -2.197 0.814 -1.140 -2.450 0.768
4.44 -1.471 -2.779 0.148 -0.922 -2.441 0.672 -0.742 -2.214 0.851 -1.102 -2.437 0.793
4.54 -1.473 -2.774 0.158 -0.934 -2.459 0.670 -0.737 -2.224 0.865 -1.103 -2.443 0.788
4.64 -1.464 -2.775 0.167 -0.947 -2.480 0.667 -0.712 -2.231 0.885 -1.067 -2.442 0.801
4.74 -1.454 -2.775 0.184 -0.955 -2.494 0.664 -0.679 -2.236 0.901 -1.033 -2.441 0.823
4.85 -1.447 -2.772 0.214 -0.955 -2.495 0.663 -0.637 -2.242 0.910 -1.009 -2.440 0.860
4.95 -1.448 -2.766 0.263 -0.945 -2.478 0.668 -0.586 -2.250 0.913 -1.000 -2.439 0.915
