# Nelson+ (2020) http://arxiv.org/abs/xxxx.xxxxx
# Figure 10: stacked radial profiles of cloud property [bmag_ug = Magnetic Field Strength [ log $\mu$G ]]
# TNG50-1 (z = 0.5) haloID = 8 (nClouds stacked = 924, 764, 303, 133)
radius [pkpc], quantity [r_cloud=0.5] p50, p16, p84, quantity [r_cloud=1.0] p50, p16, p84, quantity [r_cloud=1.5] p50, p16, p84, quantity [r_cloud=2.0] p50, p16, p84

0.05 0.042 -0.292 0.355 0.239 -0.034 0.561 0.543 0.032 1.004 0.284 0.103 0.481
0.15 0.215 -0.228 0.665 0.244 -0.068 0.581 0.376 0.010 0.773 0.288 0.008 0.609
0.25 0.257 -0.219 0.765 0.229 -0.106 0.575 0.277 -0.019 0.638 0.288 -0.040 0.663
0.36 0.209 -0.249 0.717 0.201 -0.148 0.549 0.228 -0.052 0.573 0.284 -0.055 0.663
0.46 0.108 -0.304 0.578 0.163 -0.192 0.512 0.211 -0.087 0.554 0.276 -0.053 0.630
0.56 0.008 -0.356 0.434 0.121 -0.231 0.472 0.206 -0.124 0.558 0.263 -0.047 0.585
0.66 -0.058 -0.405 0.341 0.081 -0.275 0.431 0.164 -0.159 0.530 0.234 -0.079 0.560
0.76 -0.100 -0.437 0.269 0.040 -0.317 0.402 0.150 -0.186 0.513 0.216 -0.108 0.554
0.87 -0.111 -0.456 0.257 0.001 -0.349 0.367 0.122 -0.202 0.489 0.190 -0.141 0.540
0.97 -0.113 -0.470 0.256 -0.027 -0.377 0.340 0.091 -0.222 0.462 0.176 -0.166 0.531
1.07 -0.109 -0.481 0.259 -0.047 -0.402 0.320 0.064 -0.252 0.432 0.174 -0.186 0.521
1.17 -0.114 -0.490 0.249 -0.071 -0.432 0.288 0.040 -0.282 0.399 0.172 -0.200 0.509
1.27 -0.114 -0.487 0.255 -0.089 -0.465 0.268 0.019 -0.311 0.371 0.164 -0.204 0.495
1.38 -0.114 -0.489 0.263 -0.101 -0.486 0.256 -0.001 -0.342 0.343 0.153 -0.208 0.483
1.48 -0.117 -0.502 0.268 -0.120 -0.505 0.235 -0.020 -0.363 0.310 0.137 -0.228 0.459
1.58 -0.116 -0.508 0.289 -0.140 -0.530 0.218 -0.032 -0.389 0.302 0.115 -0.250 0.446
1.68 -0.114 -0.510 0.309 -0.160 -0.542 0.205 -0.043 -0.404 0.293 0.093 -0.284 0.445
1.78 -0.109 -0.516 0.319 -0.169 -0.553 0.205 -0.057 -0.424 0.286 0.080 -0.300 0.440
1.89 -0.104 -0.512 0.329 -0.173 -0.557 0.201 -0.065 -0.441 0.282 0.074 -0.323 0.425
1.99 -0.101 -0.505 0.331 -0.175 -0.561 0.195 -0.072 -0.445 0.287 0.065 -0.345 0.413
2.09 -0.096 -0.502 0.339 -0.178 -0.571 0.194 -0.086 -0.461 0.277 0.050 -0.357 0.402
2.19 -0.097 -0.503 0.339 -0.176 -0.573 0.198 -0.094 -0.466 0.276 0.043 -0.364 0.399
2.29 -0.089 -0.505 0.345 -0.183 -0.575 0.195 -0.109 -0.471 0.252 0.028 -0.377 0.381
2.40 -0.081 -0.501 0.367 -0.187 -0.585 0.186 -0.117 -0.484 0.248 0.013 -0.385 0.374
2.50 -0.074 -0.497 0.390 -0.192 -0.589 0.190 -0.130 -0.501 0.234 -0.001 -0.401 0.368
2.60 -0.068 -0.494 0.408 -0.192 -0.591 0.199 -0.143 -0.522 0.215 -0.011 -0.403 0.358
2.70 -0.062 -0.489 0.432 -0.186 -0.589 0.205 -0.148 -0.529 0.202 -0.019 -0.414 0.338
2.81 -0.053 -0.484 0.452 -0.180 -0.583 0.220 -0.153 -0.530 0.190 -0.025 -0.427 0.333
2.91 -0.045 -0.481 0.468 -0.174 -0.577 0.235 -0.159 -0.539 0.182 -0.028 -0.442 0.333
3.01 -0.039 -0.479 0.484 -0.170 -0.581 0.252 -0.162 -0.539 0.184 -0.028 -0.459 0.334
3.11 -0.034 -0.479 0.487 -0.168 -0.578 0.264 -0.168 -0.545 0.180 -0.044 -0.477 0.320
3.21 -0.027 -0.474 0.494 -0.161 -0.578 0.273 -0.166 -0.564 0.182 -0.056 -0.477 0.316
3.32 -0.023 -0.471 0.497 -0.154 -0.580 0.291 -0.173 -0.581 0.189 -0.067 -0.490 0.301
3.42 -0.021 -0.471 0.497 -0.151 -0.578 0.303 -0.178 -0.596 0.192 -0.084 -0.495 0.289
3.52 -0.020 -0.473 0.495 -0.140 -0.581 0.323 -0.183 -0.602 0.197 -0.089 -0.493 0.277
3.62 -0.016 -0.471 0.499 -0.133 -0.575 0.342 -0.183 -0.604 0.197 -0.093 -0.499 0.278
3.72 -0.016 -0.471 0.502 -0.132 -0.581 0.351 -0.179 -0.596 0.203 -0.089 -0.511 0.295
3.83 -0.012 -0.468 0.511 -0.129 -0.585 0.365 -0.182 -0.592 0.201 -0.089 -0.523 0.301
3.93 -0.011 -0.471 0.511 -0.127 -0.583 0.377 -0.179 -0.587 0.205 -0.095 -0.528 0.306
4.03 -0.005 -0.468 0.518 -0.120 -0.575 0.398 -0.175 -0.586 0.203 -0.102 -0.531 0.307
4.13 0.001 -0.463 0.520 -0.115 -0.575 0.413 -0.168 -0.585 0.212 -0.103 -0.543 0.299
4.23 0.007 -0.463 0.526 -0.107 -0.569 0.429 -0.164 -0.580 0.221 -0.112 -0.553 0.292
4.34 0.012 -0.459 0.528 -0.099 -0.571 0.439 -0.164 -0.578 0.229 -0.106 -0.546 0.293
4.44 0.017 -0.459 0.533 -0.092 -0.564 0.444 -0.165 -0.583 0.227 -0.099 -0.543 0.309
4.54 0.018 -0.461 0.537 -0.092 -0.565 0.437 -0.164 -0.584 0.226 -0.094 -0.546 0.330
4.64 0.019 -0.464 0.540 -0.088 -0.558 0.435 -0.170 -0.591 0.220 -0.093 -0.542 0.344
4.74 0.021 -0.465 0.543 -0.084 -0.551 0.437 -0.171 -0.595 0.219 -0.094 -0.538 0.354
4.85 0.024 -0.464 0.544 -0.079 -0.547 0.444 -0.164 -0.593 0.226 -0.098 -0.533 0.358
4.95 0.028 -0.458 0.542 -0.074 -0.549 0.459 -0.145 -0.581 0.246 -0.106 -0.527 0.351
