# Nelson+ (2020) http://arxiv.org/abs/xxxx.xxxxx
# Figure 10: stacked radial profiles of cloud property [p_tot = Gas Total Pressure [ log K cm$^{-3}$ ]]
# TNG50-1 (z = 0.5) haloID = 8 (nClouds stacked = 924, 764, 303, 133)
radius [pkpc], quantity [r_cloud=0.5] p50, p16, p84, quantity [r_cloud=1.0] p50, p16, p84, quantity [r_cloud=1.5] p50, p16, p84, quantity [r_cloud=2.0] p50, p16, p84

0.05 2.711 2.333 3.221 3.174 2.681 3.719 3.617 2.790 4.594 3.223 2.852 3.553
0.15 3.125 2.509 3.907 3.120 2.622 3.731 3.334 2.744 4.110 3.246 2.794 3.891
0.25 3.290 2.568 4.190 3.066 2.570 3.708 3.165 2.699 3.824 3.263 2.757 4.027
0.36 3.275 2.542 4.182 3.017 2.527 3.661 3.081 2.655 3.687 3.270 2.736 4.016
0.46 3.149 2.465 3.996 2.972 2.490 3.606 3.051 2.611 3.649 3.263 2.722 3.914
0.56 3.008 2.375 3.797 2.942 2.461 3.562 3.049 2.557 3.665 3.242 2.713 3.786
0.66 2.916 2.326 3.665 2.906 2.430 3.537 2.987 2.512 3.611 3.162 2.676 3.708
0.76 2.823 2.285 3.572 2.889 2.411 3.528 2.973 2.483 3.595 3.116 2.650 3.671
0.87 2.804 2.278 3.583 2.867 2.385 3.516 2.937 2.469 3.567 3.061 2.615 3.644
0.97 2.809 2.270 3.601 2.864 2.363 3.509 2.904 2.447 3.530 3.030 2.592 3.625
1.07 2.824 2.271 3.607 2.868 2.349 3.499 2.875 2.423 3.513 3.018 2.575 3.603
1.17 2.815 2.262 3.607 2.867 2.334 3.488 2.856 2.412 3.484 3.022 2.556 3.596
1.27 2.811 2.270 3.604 2.856 2.319 3.489 2.850 2.407 3.472 3.020 2.552 3.579
1.38 2.817 2.266 3.618 2.857 2.310 3.501 2.832 2.383 3.460 3.015 2.539 3.570
1.48 2.819 2.263 3.624 2.846 2.298 3.505 2.823 2.378 3.433 3.005 2.520 3.555
1.58 2.834 2.268 3.656 2.838 2.283 3.501 2.824 2.366 3.440 2.988 2.495 3.543
1.68 2.850 2.277 3.688 2.826 2.267 3.502 2.819 2.356 3.440 2.976 2.472 3.556
1.78 2.862 2.285 3.696 2.829 2.256 3.519 2.812 2.338 3.432 2.969 2.468 3.556
1.89 2.879 2.296 3.697 2.833 2.253 3.519 2.814 2.333 3.456 2.969 2.474 3.556
1.99 2.887 2.300 3.719 2.838 2.254 3.542 2.820 2.336 3.490 2.969 2.471 3.566
2.09 2.900 2.313 3.730 2.834 2.257 3.550 2.819 2.332 3.513 2.961 2.469 3.564
2.19 2.906 2.316 3.732 2.846 2.262 3.561 2.821 2.332 3.532 2.965 2.460 3.560
2.29 2.914 2.321 3.741 2.851 2.261 3.565 2.815 2.315 3.534 2.961 2.458 3.551
2.40 2.935 2.334 3.765 2.854 2.256 3.570 2.823 2.303 3.558 2.959 2.441 3.535
2.50 2.950 2.341 3.786 2.851 2.249 3.589 2.817 2.289 3.549 2.962 2.429 3.549
2.60 2.957 2.350 3.793 2.858 2.244 3.614 2.809 2.275 3.519 2.957 2.416 3.556
2.70 2.969 2.356 3.809 2.868 2.250 3.630 2.816 2.278 3.519 2.943 2.402 3.555
2.81 2.986 2.364 3.838 2.875 2.263 3.655 2.814 2.276 3.522 2.941 2.402 3.577
2.91 3.003 2.376 3.853 2.887 2.277 3.666 2.818 2.283 3.526 2.946 2.415 3.593
3.01 3.016 2.385 3.873 2.902 2.288 3.665 2.835 2.299 3.529 2.954 2.429 3.608
3.11 3.023 2.391 3.876 2.919 2.297 3.666 2.839 2.297 3.542 2.954 2.436 3.614
3.21 3.037 2.401 3.883 2.933 2.312 3.680 2.855 2.302 3.560 2.959 2.438 3.619
3.32 3.046 2.406 3.886 2.943 2.323 3.696 2.853 2.309 3.568 2.960 2.433 3.627
3.42 3.045 2.416 3.884 2.956 2.332 3.718 2.860 2.316 3.561 2.956 2.420 3.636
3.52 3.046 2.422 3.876 2.972 2.343 3.742 2.873 2.325 3.579 2.962 2.411 3.636
3.62 3.053 2.430 3.878 2.976 2.355 3.752 2.878 2.322 3.591 2.977 2.416 3.657
3.72 3.055 2.432 3.880 2.978 2.352 3.757 2.890 2.338 3.608 2.998 2.432 3.675
3.83 3.063 2.439 3.889 2.984 2.356 3.768 2.902 2.347 3.599 3.014 2.434 3.690
3.93 3.065 2.438 3.885 2.994 2.366 3.787 2.911 2.346 3.596 3.025 2.444 3.702
4.03 3.075 2.439 3.897 3.005 2.373 3.814 2.917 2.347 3.603 3.031 2.461 3.710
4.13 3.085 2.446 3.899 3.018 2.383 3.833 2.919 2.357 3.607 3.026 2.466 3.719
4.23 3.092 2.453 3.907 3.030 2.396 3.861 2.931 2.371 3.611 3.027 2.467 3.726
4.34 3.100 2.457 3.913 3.040 2.409 3.866 2.941 2.383 3.627 3.036 2.484 3.732
4.44 3.105 2.457 3.919 3.042 2.421 3.862 2.945 2.385 3.625 3.039 2.496 3.732
4.54 3.110 2.457 3.920 3.041 2.422 3.849 2.949 2.395 3.628 3.048 2.486 3.737
4.64 3.113 2.459 3.920 3.043 2.428 3.846 2.951 2.390 3.618 3.062 2.476 3.739
4.74 3.118 2.462 3.920 3.046 2.433 3.848 2.954 2.387 3.613 3.079 2.474 3.744
4.85 3.124 2.467 3.923 3.048 2.438 3.857 2.958 2.393 3.620 3.100 2.486 3.758
4.95 3.133 2.476 3.929 3.049 2.442 3.876 2.963 2.412 3.648 3.125 2.520 3.782
