# Nelson+ (2020) http://arxiv.org/abs/xxxx.xxxxx
# Figure 10: stacked radial profiles of cloud property [pres_ratio = $\beta^{-1}$ = P$_{\rm B}$ / P$_{\rm gas}$ [ log ]]
# TNG50-1 (z = 0.5) haloID = 8 (nClouds stacked = 924, 764, 303, 133)
radius [pkpc], quantity [r_cloud=0.5] p50, p16, p84, quantity [r_cloud=1.0] p50, p16, p84, quantity [r_cloud=1.5] p50, p16, p84, quantity [r_cloud=2.0] p50, p16, p84

0.05 0.323 -0.270 0.807 0.390 -0.031 0.763 0.702 0.314 0.958 0.448 0.097 0.673
0.15 0.277 -0.384 0.961 0.439 -0.057 0.858 0.530 0.078 0.939 0.301 -0.369 0.759
0.25 0.180 -0.542 0.954 0.447 -0.111 0.905 0.436 -0.056 0.929 0.244 -0.562 0.820
0.36 0.051 -0.721 0.837 0.422 -0.189 0.913 0.398 -0.118 0.925 0.252 -0.560 0.862
0.46 -0.087 -0.900 0.659 0.369 -0.290 0.892 0.394 -0.135 0.921 0.299 -0.444 0.887
0.56 -0.211 -1.051 0.485 0.294 -0.406 0.859 0.403 -0.133 0.912 0.364 -0.299 0.903
0.66 -0.277 -1.140 0.372 0.210 -0.549 0.803 0.376 -0.180 0.893 0.360 -0.304 0.907
0.76 -0.318 -1.181 0.318 0.120 -0.701 0.745 0.351 -0.255 0.885 0.354 -0.288 0.907
0.87 -0.356 -1.212 0.322 0.032 -0.832 0.682 0.315 -0.312 0.865 0.365 -0.311 0.908
0.97 -0.376 -1.239 0.327 -0.055 -0.946 0.631 0.287 -0.399 0.850 0.349 -0.327 0.898
1.07 -0.381 -1.251 0.338 -0.125 -1.036 0.582 0.232 -0.500 0.813 0.340 -0.352 0.886
1.17 -0.385 -1.270 0.339 -0.200 -1.136 0.533 0.187 -0.607 0.788 0.334 -0.386 0.868
1.27 -0.371 -1.256 0.359 -0.258 -1.206 0.502 0.133 -0.712 0.748 0.321 -0.415 0.859
1.38 -0.363 -1.261 0.357 -0.310 -1.262 0.467 0.092 -0.782 0.712 0.306 -0.461 0.847
1.48 -0.375 -1.279 0.367 -0.359 -1.312 0.418 0.045 -0.868 0.665 0.266 -0.512 0.837
1.58 -0.389 -1.304 0.391 -0.403 -1.349 0.369 0.009 -0.929 0.652 0.228 -0.562 0.824
1.68 -0.401 -1.316 0.407 -0.440 -1.382 0.334 -0.026 -0.970 0.641 0.198 -0.654 0.820
1.78 -0.394 -1.334 0.437 -0.477 -1.419 0.313 -0.055 -1.019 0.629 0.178 -0.709 0.812
1.89 -0.386 -1.337 0.458 -0.490 -1.431 0.306 -0.091 -1.071 0.611 0.161 -0.788 0.789
1.99 -0.382 -1.338 0.468 -0.518 -1.459 0.301 -0.116 -1.133 0.604 0.129 -0.862 0.771
2.09 -0.368 -1.347 0.484 -0.538 -1.491 0.308 -0.161 -1.212 0.567 0.087 -0.923 0.757
2.19 -0.359 -1.357 0.486 -0.552 -1.521 0.309 -0.185 -1.242 0.544 0.072 -0.954 0.744
2.29 -0.356 -1.363 0.500 -0.567 -1.547 0.306 -0.220 -1.296 0.506 0.038 -1.002 0.738
2.40 -0.350 -1.372 0.521 -0.585 -1.565 0.295 -0.260 -1.316 0.489 0.013 -1.048 0.727
2.50 -0.335 -1.377 0.538 -0.588 -1.584 0.294 -0.295 -1.366 0.473 -0.007 -1.117 0.724
2.60 -0.323 -1.375 0.560 -0.586 -1.596 0.295 -0.326 -1.403 0.450 -0.013 -1.151 0.710
2.70 -0.303 -1.371 0.587 -0.575 -1.585 0.303 -0.369 -1.421 0.435 -0.030 -1.194 0.672
2.81 -0.290 -1.367 0.614 -0.569 -1.573 0.313 -0.399 -1.436 0.417 -0.060 -1.224 0.676
2.91 -0.264 -1.362 0.645 -0.566 -1.568 0.340 -0.426 -1.475 0.401 -0.101 -1.266 0.668
3.01 -0.255 -1.357 0.661 -0.560 -1.581 0.365 -0.459 -1.488 0.382 -0.137 -1.303 0.664
3.11 -0.246 -1.358 0.677 -0.557 -1.589 0.391 -0.473 -1.516 0.364 -0.197 -1.356 0.649
3.21 -0.236 -1.355 0.689 -0.561 -1.602 0.404 -0.503 -1.540 0.358 -0.239 -1.395 0.621
3.32 -0.231 -1.358 0.691 -0.564 -1.610 0.418 -0.525 -1.586 0.361 -0.292 -1.430 0.604
3.42 -0.239 -1.365 0.688 -0.566 -1.619 0.425 -0.547 -1.619 0.364 -0.325 -1.465 0.585
3.52 -0.233 -1.380 0.683 -0.566 -1.620 0.434 -0.580 -1.646 0.368 -0.355 -1.469 0.552
3.62 -0.233 -1.387 0.684 -0.561 -1.606 0.448 -0.595 -1.674 0.377 -0.374 -1.507 0.553
3.72 -0.228 -1.389 0.688 -0.556 -1.618 0.466 -0.606 -1.679 0.367 -0.391 -1.541 0.556
3.83 -0.226 -1.391 0.691 -0.539 -1.623 0.488 -0.627 -1.688 0.349 -0.412 -1.560 0.541
3.93 -0.225 -1.398 0.695 -0.531 -1.628 0.502 -0.613 -1.687 0.337 -0.444 -1.568 0.502
4.03 -0.219 -1.394 0.706 -0.514 -1.617 0.520 -0.619 -1.700 0.331 -0.467 -1.603 0.468
4.13 -0.217 -1.381 0.709 -0.511 -1.608 0.532 -0.610 -1.708 0.340 -0.482 -1.616 0.478
4.23 -0.213 -1.376 0.719 -0.506 -1.600 0.543 -0.611 -1.712 0.359 -0.517 -1.640 0.482
4.34 -0.199 -1.372 0.723 -0.500 -1.602 0.553 -0.626 -1.716 0.387 -0.525 -1.646 0.490
4.44 -0.193 -1.369 0.731 -0.485 -1.598 0.564 -0.632 -1.728 0.398 -0.508 -1.660 0.518
4.54 -0.190 -1.377 0.736 -0.473 -1.611 0.566 -0.640 -1.716 0.402 -0.490 -1.669 0.543
4.64 -0.191 -1.386 0.735 -0.460 -1.617 0.569 -0.648 -1.728 0.410 -0.487 -1.668 0.529
4.74 -0.194 -1.393 0.733 -0.451 -1.617 0.575 -0.650 -1.737 0.419 -0.503 -1.673 0.516
4.85 -0.199 -1.396 0.733 -0.449 -1.610 0.587 -0.643 -1.738 0.429 -0.547 -1.693 0.516
4.95 -0.206 -1.390 0.737 -0.459 -1.594 0.607 -0.625 -1.725 0.443 -0.627 -1.735 0.541
